# Final state angular momentum:   1
# Broadening parameter (in eV):    0.500
# Absorbing atom type (xiabs):   1
# Energy (eV)   sigma
  -10.00000000    0.00012178
   -9.90990991    0.00012278
   -9.81981982    0.00012380
   -9.72972973    0.00012483
   -9.63963964    0.00012587
   -9.54954955    0.00012693
   -9.45945946    0.00012801
   -9.36936937    0.00012910
   -9.27927928    0.00013021
   -9.18918919    0.00013133
   -9.09909910    0.00013248
   -9.00900901    0.00013364
   -8.91891892    0.00013482
   -8.82882883    0.00013601
   -8.73873874    0.00013723
   -8.64864865    0.00013847
   -8.55855856    0.00013972
   -8.46846847    0.00014100
   -8.37837838    0.00014229
   -8.28828829    0.00014361
   -8.19819820    0.00014495
   -8.10810811    0.00014631
   -8.01801802    0.00014770
   -7.92792793    0.00014910
   -7.83783784    0.00015054
   -7.74774775    0.00015199
   -7.65765766    0.00015347
   -7.56756757    0.00015498
   -7.47747748    0.00015651
   -7.38738739    0.00015807
   -7.29729730    0.00015966
   -7.20720721    0.00016128
   -7.11711712    0.00016292
   -7.02702703    0.00016460
   -6.93693694    0.00016631
   -6.84684685    0.00016804
   -6.75675676    0.00016981
   -6.66666667    0.00017162
   -6.57657658    0.00017345
   -6.48648649    0.00017533
   -6.39639640    0.00017724
   -6.30630631    0.00017918
   -6.21621622    0.00018116
   -6.12612613    0.00018319
   -6.03603604    0.00018525
   -5.94594595    0.00018736
   -5.85585586    0.00018950
   -5.76576577    0.00019169
   -5.67567568    0.00019393
   -5.58558559    0.00019621
   -5.49549550    0.00019854
   -5.40540541    0.00020092
   -5.31531532    0.00020335
   -5.22522523    0.00020584
   -5.13513514    0.00020837
   -5.04504505    0.00021097
   -4.95495495    0.00021362
   -4.86486486    0.00021633
   -4.77477477    0.00021910
   -4.68468468    0.00022193
   -4.59459459    0.00022483
   -4.50450450    0.00022780
   -4.41441441    0.00023084
   -4.32432432    0.00023395
   -4.23423423    0.00023713
   -4.14414414    0.00024039
   -4.05405405    0.00024373
   -3.96396396    0.00024716
   -3.87387387    0.00025067
   -3.78378378    0.00025427
   -3.69369369    0.00025796
   -3.60360360    0.00026175
   -3.51351351    0.00026563
   -3.42342342    0.00026962
   -3.33333333    0.00027371
   -3.24324324    0.00027792
   -3.15315315    0.00028224
   -3.06306306    0.00028668
   -2.97297297    0.00029124
   -2.88288288    0.00029594
   -2.79279279    0.00030076
   -2.70270270    0.00030573
   -2.61261261    0.00031085
   -2.52252252    0.00031612
   -2.43243243    0.00032155
   -2.34234234    0.00032714
   -2.25225225    0.00033291
   -2.16216216    0.00033886
   -2.07207207    0.00034500
   -1.98198198    0.00035134
   -1.89189189    0.00035788
   -1.80180180    0.00036464
   -1.71171171    0.00037163
   -1.62162162    0.00037886
   -1.53153153    0.00038634
   -1.44144144    0.00039409
   -1.35135135    0.00040211
   -1.26126126    0.00041042
   -1.17117117    0.00041904
   -1.08108108    0.00042799
   -0.99099099    0.00043727
   -0.90090090    0.00044692
   -0.81081081    0.00045695
   -0.72072072    0.00046739
   -0.63063063    0.00047825
   -0.54054054    0.00048957
   -0.45045045    0.00050136
   -0.36036036    0.00051366
   -0.27027027    0.00052649
   -0.18018018    0.00053987
   -0.09009009    0.44079433
    0.00000000    0.00056836
    0.09009009    0.00058356
    0.18018018    0.00059943
    0.27027027    0.00061605
    0.36036036    0.00063349
    0.45045045    0.00065182
    0.54054054    0.00067110
    0.63063063    0.00069142
    0.72072072    0.00071284
    0.81081081    0.00073547
    0.90090090    0.00075938
    0.99099099    0.00078468
    1.08108108    0.00081149
    1.17117117    0.00083993
    1.26126126    0.00087015
    1.35135135    0.00090230
    1.44144144    0.00093655
    1.53153153    0.00097311
    1.62162162    0.00101220
    1.71171171    0.00105406
    1.80180180    0.00109898
    1.89189189    0.00114727
    1.98198198    0.00119931
    2.07207207    0.00125549
    2.16216216    0.00131631
    2.25225225    0.00138229
    2.34234234    0.00145406
    2.43243243    0.00153236
    2.52252252    0.00161803
    2.61261261    0.00171204
    2.70270270    0.00181557
    2.79279279    0.00192996
    2.88288288    0.00205685
    2.97297297    0.00219816
    3.06306306    0.00235619
    3.15315315    0.00253375
    3.24324324    0.00273423
    3.33333333    0.00296177
    3.42342342    0.00322147
    3.51351351    0.00351966
    3.60360360    0.00386426
    3.69369369    0.00426520
    3.78378378    0.00473511
    3.87387387    0.00529009
    3.96396396    0.00595078
    4.05405405    0.00674382
    4.14414414    0.00770351
    4.23423423    0.00887384
    4.32432432    0.01031037
    4.41441441    0.01208082
    4.50450450    0.01426174
    4.59459459    0.01692538
    4.68468468    0.02010587
    4.77477477    0.02373057
    4.86486486    0.02751420
    4.95495495    0.03086989
    5.04504505    0.03298817
    5.13513514    0.03321051
    5.22522523    0.03148042
    5.31531532    0.02838744
    5.40540541    0.02475007
    5.49549550    0.02120364
    5.58558559    0.01807858
    5.67567568    0.01547506
    5.76576577    0.01337213
    5.85585586    0.01170282
    5.94594595    0.01039255
    6.03603604    0.00937482
    6.12612613    0.00859570
    6.21621622    0.00801378
    6.30630631    0.00759862
    6.39639640    0.00732906
    6.48648649    0.00719179
    6.57657658    0.00718042
    6.66666667    0.00729504
    6.75675676    0.00754225
    6.84684685    0.00793561
    6.93693694    0.00849654
    7.02702703    0.00925548
    7.11711712    0.01025279
    7.20720721    0.01153830
    7.29729730    0.01316686
    7.38738739    0.01518420
    7.47747748    0.01759405
    7.56756757    0.02029640
    7.65765766    0.02300508
    7.74774775    0.02520880
    7.83783784    0.02630239
    7.92792793    0.02592024
    8.01801802    0.02420369
    8.10810811    0.02169267
    8.19819820    0.01897385
    8.28828829    0.01644206
    8.37837838    0.01427541
    8.46846847    0.01251013
    8.55855856    0.01111546
    8.64864865    0.01003920
    8.73873874    0.00922939
    8.82882883    0.00864245
    8.91891892    0.00824511
    9.00900901    0.00801408
    9.09909910    0.00793504
    9.18918919    0.00800182
    9.27927928    0.00821596
    9.36936937    0.00858682
    9.45945946    0.00913218
    9.54954955    0.00987947
    9.63963964    0.01086733
    9.72972973    0.01214727
    9.81981982    0.01378435
    9.90990991    0.01585433
   10.00000000    0.01843205
   10.09009009    0.02156110
   10.18018018    0.02519219
   10.27027027    0.02908813
   10.36036036    0.03273989
   10.45045045    0.03541109
   10.54054054    0.03640593
   10.63063063    0.03543268
   10.72072072    0.03276475
   10.81081081    0.02907221
   10.90090090    0.02507985
   10.99099099    0.02130743
   11.08108108    0.01801027
   11.17117117    0.01525063
   11.26126126    0.01299037
   11.35135135    0.01115475
   11.44144144    0.00966510
   11.53153153    0.00845184
   11.62162162    0.00745782
   11.71171171    0.00663771
   11.80180180    0.00595614
   11.89189189    0.00538563
   11.98198198    0.00490484
   12.07207207    0.00449712
   12.16216216    0.00414943
   12.25225225    0.00385151
   12.34234234    0.00359519
   12.43243243    0.00337398
   12.52252252    0.00318264
   12.61261261    0.00301698
   12.70270270    0.00287358
   12.79279279    0.00274970
   12.88288288    0.00264308
   12.97297297    0.00255194
   13.06306306    0.00247482
   13.15315315    0.00241060
   13.24324324    0.00235841
   13.33333333    0.00231762
   13.42342342    0.00228782
   13.51351351    0.00226883
   13.60360360    0.00226066
   13.69369369    0.00226356
   13.78378378    0.00227802
   13.87387387    0.00230477
   13.96396396    0.00234490
   14.05405405    0.00239983
   14.14414414    0.00247149
   14.23423423    0.00256233
   14.32432432    0.00267556
   14.41441441    0.00281533
   14.50450450    0.00298698
   14.59459459    0.00319742
   14.68468468    0.00345560
   14.77477477    0.00377310
   14.86486486    0.00416479
   14.95495495    0.00464949
   15.04504505    0.00525016
   15.13513514    0.00599289
   15.22522523    0.00690252
   15.31531532    0.00799150
   15.40540541    0.00923717
   15.49549550    0.01054638
   15.58558559    0.01172553
   15.67567568    0.01250592
   15.76576577    0.01266776
   15.85585586    0.01219220
   15.94594595    0.01127875
   16.03603604    0.01020703
   16.12612613    0.00919815
   16.21621622    0.00837298
   16.30630631    0.00777682
   16.39639640    0.00741556
   16.48648649    0.00727905
   16.57657658    0.00734897
   16.66666667    0.00759337
   16.75675676    0.00795089
   16.84684685    0.00831445
   16.93693694    0.00853894
   17.02702703    0.00849788
   17.11711712    0.00816158
   17.20720721    0.00761515
   17.29729730    0.00699388
   17.38738739    0.00640962
   17.47747748    0.00592441
   17.56756757    0.00556082
   17.65765766    0.00532070
   17.74774775    0.00519891
   17.83783784    0.00519077
   17.92792793    0.00529546
   18.01801802    0.00551726
   18.10810811    0.00586543
   18.19819820    0.00635248
   18.28828829    0.00698928
   18.37837838    0.00777397
   18.46846847    0.00867190
   18.55855856    0.00958938
   18.64864865    0.01036281
   18.73873874    0.01080339
   18.82882883    0.01080432
   18.91891892    0.01042177
   19.00900901    0.00983537
   19.09909910    0.00923668
   19.18918919    0.00875726
   19.27927928    0.00846384
   19.36936937    0.00838335
   19.45945946    0.00852737
   19.54954955    0.00890742
   19.63963964    0.00954256
   19.72972973    0.01046189
   19.81981982    0.01170212
   19.90990991    0.01329708
   20.00000000    0.01525241
   20.09009009    0.01749668
   20.18018018    0.01981194
   20.27027027    0.02178892
   20.36036036    0.02291068
   20.45045045    0.02281794
   20.54054054    0.02156550
   20.63063063    0.01958092
   20.72072072    0.01737624
   20.81081081    0.01531937
   20.90090090    0.01359090
   20.99099099    0.01224240
   21.08108108    0.01126320
   21.17117117    0.01062351
   21.26126126    0.01029601
   21.35135135    0.01026492
   21.44144144    0.01052870
   21.53153153    0.01109914
   21.62162162    0.01199628
   21.71171171    0.01323540
   21.80180180    0.01479946
   21.89189189    0.01659075
   21.98198198    0.01837240
   22.07207207    0.01975515
   22.16216216    0.02031977
   22.25225225    0.01986529
   22.34234234    0.01856056
   22.43243243    0.01681828
   22.52252252    0.01504197
   22.61261261    0.01348198
   22.70270270    0.01223101
   22.79279279    0.01127123
   22.88288288    0.01051804
   22.97297297    0.00986108
   23.06306306    0.00921466
   23.15315315    0.00855756
   23.24324324    0.00792710
   23.33333333    0.00737829
   23.42342342    0.00695154
   23.51351351    0.00666596
   23.60360360    0.00652595
   23.69369369    0.00652771
   23.78378378    0.00666148
   23.87387387    0.00691157
   23.96396396    0.00726031
   24.05405405    0.00770034
   24.14414414    0.00824586
   24.23423423    0.00892344
   24.32432432    0.00973697
   24.41441441    0.01062197
   24.50450450    0.01141411
   24.59459459    0.01187262
   24.68468468    0.01179312
   24.77477477    0.01114699
   24.86486486    0.01010181
   24.95495495    0.00889959
   25.04504505    0.00773097
   25.13513514    0.00669558
   25.22522523    0.00582322
   25.31531532    0.00510661
   25.40540541    0.00452425
   25.49549550    0.00405224
   25.58558559    0.00366902
   25.67567568    0.00335676
   25.76576577    0.00310127
   25.85585586    0.00289150
   25.94594595    0.00271886
   26.03603604    0.00257673
   26.12612613    0.00245998
   26.21621622    0.00236465
   26.30630631    0.00228766
   26.39639640    0.00222665
   26.48648649    0.00217977
   26.57657658    0.00214566
   26.66666667    0.00212329
   26.75675676    0.00211194
   26.84684685    0.00211118
   26.93693694    0.00212077
   27.02702703    0.00214072
   27.11711712    0.00217126
   27.20720721    0.00221283
   27.29729730    0.00226609
   27.38738739    0.00233196
   27.47747748    0.00241168
   27.56756757    0.00250678
   27.65765766    0.00261924
   27.74774775    0.00275150
   27.83783784    0.00290663
   27.92792793    0.00308844
   28.01801802    0.00330171
   28.10810811    0.00355245
   28.19819820    0.00384824
   28.28828829    0.00419872
   28.37837838    0.00461619
   28.46846847    0.00511644
   28.55855856    0.00571983
   28.64864865    0.00645264
   28.73873874    0.00734867
   28.82882883    0.00845087
   28.91891892    0.00981230
   29.00900901    0.01149476
   29.09909910    0.01356100
   29.18918919    0.01605311
   29.27927928    0.01894548
   29.36936937    0.02206488
   29.45945946    0.02500341
   29.54954955    0.02712635
   29.63963964    0.02780965
   29.72972973    0.02683428
   29.81981982    0.02455397
   29.90990991    0.02163347
   30.00000000    0.01866577
   30.09009009    0.01599842
   30.18018018    0.01376330
   30.27027027    0.01196816
   30.36036036    0.01056894
   30.45045045    0.00950980
   30.54054054    0.00874078
   30.63063063    0.00822387
   30.72072072    0.00793383
   30.81081081    0.00785637
   30.90090090    0.00798399
   30.99099099    0.00830776
   31.08108108    0.00880198
   31.17117117    0.00940068
   31.26126126    0.00997569
   31.35135135    0.01034717
   31.44144144    0.01035857
   31.53153153    0.00997923
   31.62162162    0.00932808
   31.71171171    0.00858936
   31.80180180    0.00791658
   31.89189189    0.00739771
   31.98198198    0.00706658
   32.07207207    0.00692205
   32.16216216    0.00693571
   32.25225225    0.00704655
   32.34234234    0.00715472
   32.43243243    0.00713830
   32.52252252    0.00690747
   32.61261261    0.00645992
   32.70270270    0.00587554
   32.79279279    0.00525665
   32.88288288    0.00467761
   32.97297297    0.00417366
   33.06306306    0.00375234
   33.15315315    0.00340737
   33.24324324    0.00312778
   33.33333333    0.00290231
   33.42342342    0.00272110
   33.51351351    0.00257616
   33.60360360    0.00246120
   33.69369369    0.00237141
   33.78378378    0.00230315
   33.87387387    0.00225373
   33.96396396    0.00222123
   34.05405405    0.00220436
   34.14414414    0.00220234
   34.23423423    0.00221490
   34.32432432    0.00224220
   34.41441441    0.00228488
   34.50450450    0.00234403
   34.59459459    0.00242131
   34.68468468    0.00251902
   34.77477477    0.00264025
   34.86486486    0.00278907
   34.95495495    0.00297080
   35.04504505    0.00319238
   35.13513514    0.00346279
   35.22522523    0.00379366
   35.31531532    0.00419980
   35.40540541    0.00469968
   35.49549550    0.00531518
   35.58558559    0.00606953
   35.67567568    0.00698108
   35.76576577    0.00804913
   35.85585586    0.00922851
   35.94594595    0.01039860
   36.03603604    0.01135651
   36.12612613    0.01188301
   36.21621622    0.01187634
   36.30630631    0.01143461
   36.39639640    0.01078947
   36.48648649    0.01017170
   36.57657658    0.00973637
   36.66666667    0.00956463
   36.75675676    0.00969389
   36.84684685    0.01014171
   36.93693694    0.01091250
   37.02702703    0.01198440
   37.11711712    0.01327503
   37.20720721    0.01459518
   37.29729730    0.01563251
   37.38738739    0.01603799
   37.47747748    0.01561983
   37.56756757    0.01447969
   37.65765766    0.01293123
   37.74774775    0.01129888
   37.83783784    0.00979321
   37.92792793    0.00850440
   38.01801802    0.00744617
   38.10810811    0.00659703
   38.19819820    0.00592475
   38.28828829    0.00539771
   38.37837838    0.00498902
   38.46846847    0.00467727
   38.55855856    0.00444611
   38.64864865    0.00428348
   38.73873874    0.00418079
   38.82882883    0.00413240
   38.91891892    0.00413513
   39.00900901    0.00418802
   39.09909910    0.00429226
   39.18918919    0.00445122
   39.27927928    0.00467071
   39.36936937    0.00495935
   39.45945946    0.00532916
   39.54954955    0.00579637
   39.63963964    0.00638233
   39.72972973    0.00711450
   39.81981982    0.00802679
   39.90990991    0.00915834
   40.00000000    0.01054777
   40.09009009    0.01221831
   40.18018018    0.01414739
   40.27027027    0.01622023
   40.36036036    0.01819261
   40.45045045    0.01973064
   40.54054054    0.02057946
   40.63063063    0.02075624
   40.72072072    0.02055039
   40.81081081    0.02031333
   40.90090090    0.02024250
   40.99099099    0.02028989
   41.08108108    0.02019691
   41.17117117    0.01965068
   41.26126126    0.01850540
   41.35135135    0.01688811
   41.44144144    0.01508751
   41.53153153    0.01337079
   41.62162162    0.01189500
   41.71171171    0.01071803
   41.80180180    0.00984172
   41.89189189    0.00924682
   41.98198198    0.00891227
   42.07207207    0.00882300
   42.16216216    0.00897026
   42.25225225    0.00934560
   42.34234234    0.00992673
   42.43243243    0.01065392
   42.52252252    0.01140471
   42.61261261    0.01199619
   42.70270270    0.01225308
   42.79279279    0.01211927
   42.88288288    0.01170422
   42.97297297    0.01120834
   43.06306306    0.01081473
   43.15315315    0.01063615
   43.24324324    0.01071224
   43.33333333    0.01101649
   43.42342342    0.01145504
   43.51351351    0.01187215
   43.60360360    0.01209311
   43.69369369    0.01200825
   43.78378378    0.01164006
   43.87387387    0.01112655
   43.96396396    0.01063290
   44.05405405    0.01026735
   44.14414414    0.01004444
   44.23423423    0.00988707
   44.32432432    0.00966160
   44.41441441    0.00925182
   44.50450450    0.00863532
   44.59459459    0.00789064
   44.68468468    0.00713257
   44.77477477    0.00644972
   44.86486486    0.00588689
   44.95495495    0.00545685
   45.04504505    0.00515690
   45.13513514    0.00498014
   45.22522523    0.00492091
   45.31531532    0.00497610
   45.40540541    0.00514325
   45.49549550    0.00541487
   45.58558559    0.00576845
   45.67567568    0.00615508
   45.76576577    0.00649879
   45.85585586    0.00672405
   45.94594595    0.00680525
   46.03603604    0.00679003
   46.12612613    0.00676511
   46.21621622    0.00679798
   46.30630631    0.00689835
   46.39639640    0.00700770
   46.48648649    0.00701843
   46.57657658    0.00683045
   46.66666667    0.00641907
   46.75675676    0.00584983
   46.84684685    0.00522629
   46.93693694    0.00463204
   47.02702703    0.00411069
   47.11711712    0.00367442
   47.20720721    0.00331864
   47.29729730    0.00303246
   47.38738739    0.00280408
   47.47747748    0.00262302
   47.56756757    0.00248066
   47.65765766    0.00237029
   47.74774775    0.00228677
   47.83783784    0.00222627
   47.92792793    0.00218602
   48.01801802    0.00216411
   48.10810811    0.00215932
   48.19819820    0.00217110
   48.28828829    0.00219943
   48.37837838    0.00224487
   48.46846847    0.00230857
   48.55855856    0.00239229
   48.64864865    0.00249860
   48.73873874    0.00263094
   48.82882883    0.00279389
   48.91891892    0.00299343
   49.00900901    0.00323731
   49.09909910    0.00353540
   49.18918919    0.00389991
   49.27927928    0.00434527
   49.36936937    0.00488677
   49.45945946    0.00553664
   49.54954955    0.00629563
   49.63963964    0.00713924
   49.72972973    0.00800442
   49.81981982    0.00879634
   49.90990991    0.00943598
   50.00000000    0.00992712
   50.09009009    0.01037378
   50.18018018    0.01092485
   50.27027027    0.01170291
   50.36036036    0.01276077
   50.45045045    0.01405344
   50.54054054    0.01541047
   50.63063063    0.01653957
   50.72072072    0.01712860
   50.81081081    0.01703667
   50.90090090    0.01640392
   50.99099099    0.01554651
   51.08108108    0.01475330
   51.17117117    0.01416007
   51.26126126    0.01372848
   51.35135135    0.01329005
   51.44144144    0.01264721
   51.53153153    0.01170358
   51.62162162    0.01052275
   51.71171171    0.00926166
   51.80180180    0.00806464
   51.89189189    0.00701307
   51.98198198    0.00613184
   52.07207207    0.00541366
   52.16216216    0.00483843
   52.25225225    0.00438346
   52.34234234    0.00402700
   52.43243243    0.00374807
   52.52252252    0.00352485
   52.61261261    0.00333457
   52.70270270    0.00315760
   52.79279279    0.00298427
   52.88288288    0.00281712
   52.97297297    0.00266529
   53.06306306    0.00253741
   53.15315315    0.00243855
   53.24324324    0.00237089
   53.33333333    0.00233540
   53.42342342    0.00233320
   53.51351351    0.00236619
   53.60360360    0.00243703
   53.69369369    0.00254822
   53.78378378    0.00269983
   53.87387387    0.00288483
   53.96396396    0.00308259
   54.05405405    0.00325455
   54.14414414    0.00335192
   54.23423423    0.00334065
   54.32432432    0.00322588
   54.41441441    0.00304847
   54.50450450    0.00285791
   54.59459459    0.00269060
   54.68468468    0.00256558
   54.77477477    0.00248995
   54.86486486    0.00246496
   54.95495495    0.00248924
   55.04504505    0.00255910
   55.13513514    0.00266602
   55.22522523    0.00279252
   55.31531532    0.00291017
   55.40540541    0.00298658
   55.49549550    0.00300311
   55.58558559    0.00296888
   55.67567568    0.00291475
   55.76576577    0.00287429
   55.85585586    0.00287033
   55.94594595    0.00291226
   56.03603604    0.00299799
   56.12612613    0.00311742
   56.21621622    0.00325903
   56.30630631    0.00342006
   56.39639640    0.00361287
   56.48648649    0.00385978
   56.57657658    0.00417966
   56.66666667    0.00457359
   56.75675676    0.00501086
   56.84684685    0.00541810
   56.93693694    0.00568790
   57.02702703    0.00572504
   57.11711712    0.00550807
   57.20720721    0.00510308
   57.29729730    0.00461434
   57.38738739    0.00412890
   57.47747748    0.00369629
   57.56756757    0.00333491
   57.65765766    0.00304499
   57.74774775    0.00281882
   57.83783784    0.00264654
   57.92792793    0.00251886
   58.01801802    0.00242800
   58.10810811    0.00236786
   58.19819820    0.00233379
   58.28828829    0.00232241
   58.37837838    0.00233135
   58.46846847    0.00235907
   58.55855856    0.00240470
   58.64864865    0.00246798
   58.73873874    0.00254920
   58.82882883    0.00264914
   58.91891892    0.00276913
   59.00900901    0.00291103
   59.09909910    0.00307736
   59.18918919    0.00327132
   59.27927928    0.00349703
   59.36936937    0.00375962
   59.45945946    0.00406559
   59.54954955    0.00442305
   59.63963964    0.00484221
   59.72972973    0.00533595
   59.81981982    0.00592052
   59.90990991    0.00661662
   60.00000000    0.00745087
   60.09009009    0.00845786
   60.18018018    0.00968253
   60.27027027    0.01118227
   60.36036036    0.01302798
   60.45045045    0.01530230
   60.54054054    0.01809022
   60.63063063    0.02145325
   60.72072072    0.02537443
   60.81081081    0.02966936
   60.90090090    0.03389921
   60.99099099    0.03739466
   61.08108108    0.03949580
   61.17117117    0.03989543
   61.26126126    0.03876682
   61.35135135    0.03655174
   61.44144144    0.03364739
   61.53153153    0.03029448
   61.62162162    0.02668945
   61.71171171    0.02308049
   61.80180180    0.01971579
   61.89189189    0.01675492
   61.98198198    0.01424890
   62.07207207    0.01217415
   62.16216216    0.01047317
   62.25225225    0.00908115
   62.34234234    0.00793861
   62.43243243    0.00699561
   62.52252252    0.00621194
   62.61261261    0.00555586
   62.70270270    0.00500254
   62.79279279    0.00453251
   62.88288288    0.00413053
   62.97297297    0.00378453
   63.06306306    0.00348496
   63.15315315    0.00322416
   63.24324324    0.00299597
   63.33333333    0.00279540
   63.42342342    0.00261837
   63.51351351    0.00246152
   63.60360360    0.00232209
   63.69369369    0.00219776
   63.78378378    0.00208663
   63.87387387    0.00198706
   63.96396396    0.00189769
   64.05405405    0.00181737
   64.14414414    0.00174509
   64.23423423    0.00168001
   64.32432432    0.00162134
   64.41441441    0.00156840
   64.50450450    0.00152056
   64.59459459    0.00147731
   64.68468468    0.00143826
   64.77477477    0.00140314
   64.86486486    0.00137172
   64.95495495    0.00134380
   65.04504505    0.00131917
   65.13513514    0.00129766
   65.22522523    0.00127909
   65.31531532    0.00126333
   65.40540541    0.00125025
   65.49549550    0.00123978
   65.58558559    0.00123183
   65.67567568    0.00122637
   65.76576577    0.00122336
   65.85585586    0.00122281
   65.94594595    0.00122472
   66.03603604    0.00122915
   66.12612613    0.00123615
   66.21621622    0.00124581
   66.30630631    0.00125825
   66.39639640    0.00127363
   66.48648649    0.00129211
   66.57657658    0.00131392
   66.66666667    0.00133934
   66.75675676    0.00136868
   66.84684685    0.00140235
   66.93693694    0.00144080
   67.02702703    0.00148462
   67.11711712    0.00153448
   67.20720721    0.00159123
   67.29729730    0.00165586
   67.38738739    0.00172961
   67.47747748    0.00181394
   67.56756757    0.00191058
   67.65765766    0.00202154
   67.74774775    0.00214906
   67.83783784    0.00229561
   67.92792793    0.00246427
   68.01801802    0.00265941
   68.10810811    0.00288772
   68.19819820    0.00315852
   68.28828829    0.00348345
   68.37837838    0.00387558
   68.46846847    0.00434798
   68.55855856    0.00491010
   68.64864865    0.00555995
   68.73873874    0.00627107
   68.82882883    0.00697955
   68.91891892    0.00758890
   69.00900901    0.00801315
   69.09909910    0.00823981
   69.18918919    0.00834864
   69.27927928    0.00846200
   69.36936937    0.00868139
   69.45945946    0.00905725
   69.54954955    0.00958784
   69.63963964    0.01022833
   69.72972973    0.01090028
   69.81981982    0.01150140
   69.90990991    0.01193359
   70.00000000    0.01216301
   70.09009009    0.01226444
   70.18018018    0.01239146
   70.27027027    0.01270485
   70.36036036    0.01333020
   70.45045045    0.01435805
   70.54054054    0.01585865
   70.63063063    0.01788730
   70.72072072    0.02046798
   70.81081081    0.02354892
   70.90090090    0.02693469
   70.99099099    0.03022825
   71.08108108    0.03285456
   71.17117117    0.03422329
   71.26126126    0.03397363
   71.35135135    0.03213799
   71.44144144    0.02912194
   71.53153153    0.02552286
   71.62162162    0.02189268
   71.71171171    0.01858734
   71.80180180    0.01575797
   71.89189189    0.01341959
   71.98198198    0.01152239
   72.07207207    0.00999698
   72.16216216    0.00877615
   72.25225225    0.00780265
   72.34234234    0.00703006
   72.43243243    0.00642042
   72.52252252    0.00594030
   72.61261261    0.00555697
   72.70270270    0.00523767
   72.79279279    0.00495521
   72.88288288    0.00469639
   72.97297297    0.00446268
   73.06306306    0.00425908
   73.15315315    0.00408117
   73.24324324    0.00391074
   73.33333333    0.00372425
   73.42342342    0.00350876
   73.51351351    0.00327094
   73.60360360    0.00303006
   73.69369369    0.00280452
   73.78378378    0.00260488
   73.87387387    0.00243436
   73.96396396    0.00229194
   74.05405405    0.00217492
   74.14414414    0.00208043
   74.23423423    0.00200596
   74.32432432    0.00194949
   74.41441441    0.00190921
   74.50450450    0.00188305
   74.59459459    0.00186795
   74.68468468    0.00185945
   74.77477477    0.00185271
   74.86486486    0.00184504
   74.95495495    0.00183808
   75.04504505    0.00183707
   75.13513514    0.00184801
   75.22522523    0.00187535
   75.31531532    0.00192098
   75.40540541    0.00198331
   75.49549550    0.00205561
   75.58558559    0.00212486
   75.67567568    0.00217431
   75.76576577    0.00219192
   75.85585586    0.00217895
   75.94594595    0.00214926
   76.03603604    0.00212018
   76.12612613    0.00210485
   76.21621622    0.00211061
   76.30630631    0.00214084
   76.39639640    0.00219725
   76.48648649    0.00228138
   76.57657658    0.00239553
   76.66666667    0.00254323
   76.75675676    0.00272965
   76.84684685    0.00296202
   76.93693694    0.00325017
   77.02702703    0.00360709
   77.11711712    0.00404981
   77.20720721    0.00459999
   77.29729730    0.00528423
   77.38738739    0.00613267
   77.47747748    0.00717371
   77.56756757    0.00842058
   77.65765766    0.00984395
   77.74774775    0.01132984
   77.83783784    0.01264442
   77.92792793    0.01346585
   78.01801802    0.01353315
   78.10810811    0.01282498
   78.19819820    0.01157614
   78.28828829    0.01011144
   78.37837838    0.00868239
   78.46846847    0.00741936
   78.55855856    0.00636143
   78.64864865    0.00549964
   78.73873874    0.00480677
   78.82882883    0.00425252
   78.91891892    0.00380960
   79.00900901    0.00345555
   79.09909910    0.00317260
   79.18918919    0.00294698
   79.27927928    0.00276817
   79.36936937    0.00262814
   79.45945946    0.00252084
   79.54954955    0.00244178
   79.63963964    0.00238767
   79.72972973    0.00235619
   79.81981982    0.00234589
   79.90990991    0.00235604
   80.00000000    0.00238656
