# Final state angular momentum:   1
# Broadening parameter (in eV):    0.500
# Absorbing atom type (xiabs):   1
# Energy (eV)   sigma
  -10.00000000    0.00004158
   -9.90990991    0.00004197
   -9.81981982    0.00004236
   -9.72972973    0.00004276
   -9.63963964    0.00004317
   -9.54954955    0.00004358
   -9.45945946    0.00004400
   -9.36936937    0.00004442
   -9.27927928    0.00004485
   -9.18918919    0.00004529
   -9.09909910    0.00004573
   -9.00900901    0.00004618
   -8.91891892    0.00004664
   -8.82882883    0.00004711
   -8.73873874    0.00004758
   -8.64864865    0.00004806
   -8.55855856    0.00004855
   -8.46846847    0.00004905
   -8.37837838    0.00004956
   -8.28828829    0.00005007
   -8.19819820    0.00005059
   -8.10810811    0.00005112
   -8.01801802    0.00005166
   -7.92792793    0.00005221
   -7.83783784    0.00005277
   -7.74774775    0.00005334
   -7.65765766    0.00005392
   -7.56756757    0.00005451
   -7.47747748    0.00005511
   -7.38738739    0.00005572
   -7.29729730    0.00005634
   -7.20720721    0.00005698
   -7.11711712    0.00005762
   -7.02702703    0.00005828
   -6.93693694    0.00005895
   -6.84684685    0.00005963
   -6.75675676    0.00006032
   -6.66666667    0.00006103
   -6.57657658    0.00006175
   -6.48648649    0.00006249
   -6.39639640    0.00006324
   -6.30630631    0.00006400
   -6.21621622    0.00006478
   -6.12612613    0.00006557
   -6.03603604    0.00006638
   -5.94594595    0.00006721
   -5.85585586    0.00006806
   -5.76576577    0.00006892
   -5.67567568    0.00006980
   -5.58558559    0.00007069
   -5.49549550    0.00007161
   -5.40540541    0.00007255
   -5.31531532    0.00007350
   -5.22522523    0.00007448
   -5.13513514    0.00007548
   -5.04504505    0.00007650
   -4.95495495    0.00007754
   -4.86486486    0.00007861
   -4.77477477    0.00007970
   -4.68468468    0.00008081
   -4.59459459    0.00008196
   -4.50450450    0.00008312
   -4.41441441    0.00008432
   -4.32432432    0.00008554
   -4.23423423    0.00008680
   -4.14414414    0.00008808
   -4.05405405    0.00008939
   -3.96396396    0.00009074
   -3.87387387    0.00009212
   -3.78378378    0.00009354
   -3.69369369    0.00009499
   -3.60360360    0.00009648
   -3.51351351    0.00009801
   -3.42342342    0.00009958
   -3.33333333    0.00010119
   -3.24324324    0.00010284
   -3.15315315    0.00010454
   -3.06306306    0.00010628
   -2.97297297    0.00010808
   -2.88288288    0.00010992
   -2.79279279    0.00011181
   -2.70270270    0.00011377
   -2.61261261    0.00011577
   -2.52252252    0.00011784
   -2.43243243    0.00011997
   -2.34234234    0.00012216
   -2.25225225    0.00012442
   -2.16216216    0.00012675
   -2.07207207    0.00012916
   -1.98198198    0.00013164
   -1.89189189    0.00013420
   -1.80180180    0.00013685
   -1.71171171    0.00013958
   -1.62162162    0.00014241
   -1.53153153    0.00014533
   -1.44144144    0.00014836
   -1.35135135    0.00015149
   -1.26126126    0.00015472
   -1.17117117    0.00015807
   -1.08108108    0.00016154
   -0.99099099    0.00016514
   -0.90090090    0.00016888
   -0.81081081    0.00017277
   -0.72072072    0.00017680
   -0.63063063    0.00018100
   -0.54054054    0.00018537
   -0.45045045    0.00018992
   -0.36036036    0.00019465
   -0.27027027    0.00019958
   -0.18018018    0.00020471
   -0.09009009    0.00021006
    0.00000000    0.00021560
    0.09009009    0.00022139
    0.18018018    0.00022742
    0.27027027    0.00023371
    0.36036036    0.00024030
    0.45045045    0.00024721
    0.54054054    0.00025447
    0.63063063    0.00026210
    0.72072072    0.00027013
    0.81081081    0.00027859
    0.90090090    0.00028750
    0.99099099    0.00029691
    1.08108108    0.00030685
    1.17117117    0.00031736
    1.26126126    0.00032849
    1.35135135    0.00034030
    1.44144144    0.00035282
    1.53153153    0.00036614
    1.62162162    0.00038031
    1.71171171    0.00039543
    1.80180180    0.00041159
    1.89189189    0.00042887
    1.98198198    0.00044741
    2.07207207    0.00046731
    2.16216216    0.00048874
    2.25225225    0.00051185
    2.34234234    0.00053683
    2.43243243    0.00056389
    2.52252252    0.00059330
    2.61261261    0.00062532
    2.70270270    0.00066030
    2.79279279    0.00069862
    2.88288288    0.00074074
    2.97297297    0.00078718
    3.06306306    0.00083859
    3.15315315    0.00089569
    3.24324324    0.00095940
    3.33333333    0.00103078
    3.42342342    0.00111114
    3.51351351    0.00120205
    3.60360360    0.00130546
    3.69369369    0.00142376
    3.78378378    0.00155993
    3.87387387    0.00171771
    3.96396396    0.00190179
    4.05405405    0.00211816
    4.14414414    0.00237447
    4.23423423    0.00268056
    4.32432432    0.00304910
    4.41441441    0.00349642
    4.50450450    0.00404335
    4.59459459    0.00471591
    4.68468468    0.00554513
    4.77477477    0.00656438
    4.86486486    0.00780100
    4.95495495    0.00925698
    5.04504505    0.01087322
    5.13513514    0.01248290
    5.22522523    0.01379109
    5.31531532    0.01445032
    5.40540541    0.01424876
    5.49549550    0.01326327
    5.58558559    0.01180261
    5.67567568    0.01020774
    5.76576577    0.00871115
    5.85585586    0.00741901
    5.94594595    0.00635351
    6.03603604    0.00549651
    6.12612613    0.00481657
    6.21621622    0.00428179
    6.30630631    0.00386468
    6.39639640    0.00354324
    6.48648649    0.00330067
    6.57657658    0.00312455
    6.66666667    0.00300612
    6.75675676    0.00293968
    6.84684685    0.00292220
    6.93693694    0.00295305
    7.02702703    0.00303404
    7.11711712    0.00316948
    7.20720721    0.00336656
    7.29729730    0.00363578
    7.38738739    0.00399145
    7.47747748    0.00445204
    7.56756757    0.00503970
    7.65765766    0.00577757
    7.74774775    0.00668219
    7.83783784    0.00774662
    7.92792793    0.00891115
    8.01801802    0.01002935
    8.10810811    0.01086539
    8.19819820    0.01117549
    8.28828829    0.01085721
    8.37837838    0.01002701
    8.46846847    0.00893304
    8.55855856    0.00780701
    8.64864865    0.00678943
    8.73873874    0.00593607
    8.82882883    0.00525238
    8.91891892    0.00472201
    9.00900901    0.00432293
    9.09909910    0.00403469
    9.18918919    0.00384094
    9.27927928    0.00372996
    9.36936937    0.00369444
    9.45945946    0.00373118
    9.54954955    0.00384087
    9.63963964    0.00402807
    9.72972973    0.00430133
    9.81981982    0.00467334
    9.90990991    0.00516063
   10.00000000    0.00578227
   10.09009009    0.00655609
   10.18018018    0.00749128
   10.27027027    0.00857838
   10.36036036    0.00978474
   10.45045045    0.01106816
   10.54054054    0.01240320
   10.63063063    0.01377765
   10.72072072    0.01512873
   10.81081081    0.01626723
   10.90090090    0.01688795
   10.99099099    0.01671917
   11.08108108    0.01571773
   11.17117117    0.01411373
   11.26126126    0.01225775
   11.35135135    0.01044022
   11.44144144    0.00882097
   11.53153153    0.00745200
   11.62162162    0.00632513
   11.71171171    0.00540795
   11.80180180    0.00466309
   11.89189189    0.00405641
   11.98198198    0.00355947
   12.07207207    0.00314954
   12.16216216    0.00280884
   12.25225225    0.00252353
   12.34234234    0.00228286
   12.43243243    0.00207845
   12.52252252    0.00190375
   12.61261261    0.00175357
   12.70270270    0.00162383
   12.79279279    0.00151125
   12.88288288    0.00141320
   12.97297297    0.00132754
   13.06306306    0.00125256
   13.15315315    0.00118685
   13.24324324    0.00112925
   13.33333333    0.00107883
   13.42342342    0.00103481
   13.51351351    0.00099657
   13.60360360    0.00096360
   13.69369369    0.00093551
   13.78378378    0.00091200
   13.87387387    0.00089286
   13.96396396    0.00087794
   14.05405405    0.00086719
   14.14414414    0.00086066
   14.23423423    0.00085844
   14.32432432    0.00086077
   14.41441441    0.00086797
   14.50450450    0.00088051
   14.59459459    0.00089900
   14.68468468    0.00092428
   14.77477477    0.00095744
   14.86486486    0.00099990
   14.95495495    0.00105348
   15.04504505    0.00112057
   15.13513514    0.00120426
   15.22522523    0.00130850
   15.31531532    0.00143830
   15.40540541    0.00159979
   15.49549550    0.00180003
   15.58558559    0.00204612
   15.67567568    0.00234320
   15.76576577    0.00269056
   15.85585586    0.00307629
   15.94594595    0.00347074
   16.03603604    0.00382115
   16.12612613    0.00405527
   16.21621622    0.00410866
   16.30630631    0.00396796
   16.39639640    0.00368584
   16.48648649    0.00334691
   16.57657658    0.00302348
   16.66666667    0.00275754
   16.75675676    0.00256573
   16.84684685    0.00244967
   16.93693694    0.00240247
   17.02702703    0.00240951
   17.11711712    0.00244566
   17.20720721    0.00247414
   17.29729730    0.00245550
   17.38738739    0.00236723
   17.47747748    0.00221761
   17.56756757    0.00203703
   17.65765766    0.00185741
   17.74774775    0.00169943
   17.83783784    0.00157196
   17.92792793    0.00147653
   18.01801802    0.00141154
   18.10810811    0.00137474
   18.19819820    0.00136451
   18.28828829    0.00138033
   18.37837838    0.00142299
   18.46846847    0.00149471
   18.55855856    0.00159904
   18.64864865    0.00174051
   18.73873874    0.00192361
   18.82882883    0.00215008
   18.91891892    0.00241380
   19.00900901    0.00269286
   19.09909910    0.00294330
   19.18918919    0.00310563
   19.27927928    0.00313302
   19.36936937    0.00302389
   19.45945946    0.00282361
   19.54954955    0.00259314
   19.63963964    0.00237956
   19.72972973    0.00220801
   19.81981982    0.00208757
   19.90990991    0.00201937
   20.00000000    0.00200219
   20.09009009    0.00203539
   20.18018018    0.00212024
   20.27027027    0.00226033
   20.36036036    0.00246117
   20.45045045    0.00272866
   20.54054054    0.00306539
   20.63063063    0.00346294
   20.72072072    0.00389015
   20.81081081    0.00428263
   20.90090090    0.00455032
   20.99099099    0.00461793
   21.08108108    0.00447634
   21.17117117    0.00419060
   21.26126126    0.00385459
   21.35135135    0.00354388
   21.44144144    0.00330073
   21.53153153    0.00314212
   21.62162162    0.00307226
   21.71171171    0.00309140
   21.80180180    0.00320013
   21.89189189    0.00340033
   21.98198198    0.00369344
   22.07207207    0.00407623
   22.16216216    0.00453548
   22.25225225    0.00504575
   22.34234234    0.00557432
   22.43243243    0.00608681
   22.52252252    0.00654030
   22.61261261    0.00687222
   22.70270270    0.00701477
   22.79279279    0.00693846
   22.88288288    0.00668117
   22.97297297    0.00632228
   23.06306306    0.00592740
   23.15315315    0.00552126
   23.24324324    0.00510125
   23.33333333    0.00466230
   23.42342342    0.00421155
   23.51351351    0.00377062
   23.60360360    0.00336674
   23.69369369    0.00302069
   23.78378378    0.00274166
   23.87387387    0.00252942
   23.96396396    0.00237852
   24.05405405    0.00228112
   24.14414414    0.00222831
   24.23423423    0.00221154
   24.32432432    0.00222565
   24.41441441    0.00227196
   24.50450450    0.00235827
   24.59459459    0.00249498
   24.68468468    0.00269036
   24.77477477    0.00294642
   24.86486486    0.00325501
   24.95495495    0.00359300
   25.04504505    0.00391609
   25.13513514    0.00415523
   25.22522523    0.00423201
   25.31531532    0.00410150
   25.40540541    0.00378791
   25.49549550    0.00336902
   25.58558559    0.00292733
   25.67567568    0.00251734
   25.76576577    0.00216269
   25.85585586    0.00186709
   25.94594595    0.00162490
   26.03603604    0.00142756
   26.12612613    0.00126659
   26.21621622    0.00113468
   26.30630631    0.00102590
   26.39639640    0.00093555
   26.48648649    0.00085999
   26.57657658    0.00079638
   26.66666667    0.00074251
   26.75675676    0.00069667
   26.84684685    0.00065749
   26.93693694    0.00062392
   27.02702703    0.00059509
   27.11711712    0.00057035
   27.20720721    0.00054915
   27.29729730    0.00053105
   27.38738739    0.00051570
   27.47747748    0.00050284
   27.56756757    0.00049224
   27.65765766    0.00048373
   27.74774775    0.00047719
   27.83783784    0.00047253
   27.92792793    0.00046970
   28.01801802    0.00046866
   28.10810811    0.00046945
   28.19819820    0.00047210
   28.28828829    0.00047671
   28.37837838    0.00048338
   28.46846847    0.00049231
   28.55855856    0.00050372
   28.64864865    0.00051791
   28.73873874    0.00053527
   28.82882883    0.00055630
   28.91891892    0.00058163
   29.00900901    0.00061208
   29.09909910    0.00064869
   29.18918919    0.00069277
   29.27927928    0.00074598
   29.36936937    0.00081027
   29.45945946    0.00088786
   29.54954955    0.00098077
   29.63963964    0.00108994
   29.72972973    0.00121337
   29.81981982    0.00134370
   29.90990991    0.00146690
   30.00000000    0.00156601
   30.09009009    0.00163128
   30.18018018    0.00166883
   30.27027027    0.00169813
   30.36036036    0.00174152
   30.45045045    0.00181688
   30.54054054    0.00193694
   30.63063063    0.00211178
   30.72072072    0.00235126
   30.81081081    0.00266594
   30.90090090    0.00306571
   30.99099099    0.00355481
   31.08108108    0.00412131
   31.17117117    0.00472118
   31.26126126    0.00526578
   31.35135135    0.00563594
   31.44144144    0.00573967
   31.53153153    0.00557633
   31.62162162    0.00523567
   31.71171171    0.00483018
   31.80180180    0.00443431
   31.89189189    0.00407370
   31.98198198    0.00374994
   32.07207207    0.00346728
   32.16216216    0.00323935
   32.25225225    0.00307973
   32.34234234    0.00299185
   32.43243243    0.00296495
   32.52252252    0.00297527
   32.61261261    0.00299327
   32.70270270    0.00299431
   32.79279279    0.00296215
   32.88288288    0.00288206
   32.97297297    0.00273945
   33.06306306    0.00253283
   33.15315315    0.00228292
   33.24324324    0.00202245
   33.33333333    0.00177897
   33.42342342    0.00156710
   33.51351351    0.00139026
   33.60360360    0.00124525
   33.69369369    0.00112585
   33.78378378    0.00102524
   33.87387387    0.00093797
   33.96396396    0.00086108
   34.05405405    0.00079363
   34.14414414    0.00073539
   34.23423423    0.00068595
   34.32432432    0.00064460
   34.41441441    0.00061041
   34.50450450    0.00058252
   34.59459459    0.00056017
   34.68468468    0.00054278
   34.77477477    0.00052991
   34.86486486    0.00052131
   34.95495495    0.00051687
   35.04504505    0.00051664
   35.13513514    0.00052081
   35.22522523    0.00052976
   35.31531532    0.00054410
   35.40540541    0.00056465
   35.49549550    0.00059256
   35.58558559    0.00062935
   35.67567568    0.00067693
   35.76576577    0.00073761
   35.85585586    0.00081391
   35.94594595    0.00090791
   36.03603604    0.00102000
   36.12612613    0.00114670
   36.21621622    0.00127838
   36.30630631    0.00139874
   36.39639640    0.00148808
   36.48648649    0.00152881
   36.57657658    0.00151153
   36.66666667    0.00144039
   36.75675676    0.00133332
   36.84684685    0.00121399
   36.93693694    0.00110176
   37.02702703    0.00100758
   37.11711712    0.00093541
   37.20720721    0.00088540
   37.29729730    0.00085636
   37.38738739    0.00084708
   37.47747748    0.00085705
   37.56756757    0.00088669
   37.65765766    0.00093749
   37.74774775    0.00101199
   37.83783784    0.00111353
   37.92792793    0.00124546
   38.01801802    0.00140925
   38.10810811    0.00160067
   38.19819820    0.00180378
   38.28828829    0.00198582
   38.37837838    0.00210105
   38.46846847    0.00211127
   38.55855856    0.00201165
   38.64864865    0.00183431
   38.73873874    0.00162537
   38.82882883    0.00142119
   38.91891892    0.00124093
   39.00900901    0.00109054
   39.09909910    0.00096894
   39.18918919    0.00087231
   39.27927928    0.00079637
   39.36936937    0.00073727
   39.45945946    0.00069184
   39.54954955    0.00065762
   39.63963964    0.00063274
   39.72972973    0.00061581
   39.81981982    0.00060585
   39.90990991    0.00060221
   40.00000000    0.00060448
   40.09009009    0.00061253
   40.18018018    0.00062643
   40.27027027    0.00064648
   40.36036036    0.00067322
   40.45045045    0.00070744
   40.54054054    0.00075027
   40.63063063    0.00080322
   40.72072072    0.00086830
   40.81081081    0.00094817
   40.90090090    0.00104629
   40.99099099    0.00116703
   41.08108108    0.00131558
   41.17117117    0.00149751
   41.26126126    0.00171739
   41.35135135    0.00197572
   41.44144144    0.00226341
   41.53153153    0.00255522
   41.62162162    0.00280872
   41.71171171    0.00297879
   41.80180180    0.00304470
   41.89189189    0.00302402
   41.98198198    0.00295600
   42.07207207    0.00287651
   42.16216216    0.00281062
   42.25225225    0.00277881
   42.34234234    0.00280006
   42.43243243    0.00288780
   42.52252252    0.00304404
   42.61261261    0.00325395
   42.70270270    0.00348203
   42.79279279    0.00367751
   42.88288288    0.00379637
   42.97297297    0.00382737
   43.06306306    0.00379349
   43.15315315    0.00372758
   43.24324324    0.00365375
   43.33333333    0.00358917
   43.42342342    0.00355025
   43.51351351    0.00354758
   43.60360360    0.00357486
   43.69369369    0.00360769
   43.78378378    0.00361996
   43.87387387    0.00360614
   43.96396396    0.00358424
   44.05405405    0.00357381
   44.14414414    0.00357075
   44.23423423    0.00354134
   44.32432432    0.00344166
   44.41441441    0.00325109
   44.50450450    0.00298978
   44.59459459    0.00270330
   44.68468468    0.00243464
   44.77477477    0.00221001
   44.86486486    0.00204002
   44.95495495    0.00192632
   45.04504505    0.00186683
   45.13513514    0.00185796
   45.22522523    0.00189407
   45.31531532    0.00196452
   45.40540541    0.00204990
   45.49549550    0.00212156
   45.58558559    0.00215085
   45.67567568    0.00212614
   45.76576577    0.00206150
   45.85585586    0.00198614
   45.94594595    0.00192606
   46.03603604    0.00189309
   46.12612613    0.00188301
   46.21621622    0.00187900
   46.30630631    0.00186078
   46.39639640    0.00181748
   46.48648649    0.00175406
   46.57657658    0.00168438
   46.66666667    0.00161975
   46.75675676    0.00156497
   46.84684685    0.00152273
   46.93693694    0.00149851
   47.02702703    0.00150039
   47.11711712    0.00153553
   47.20720721    0.00160680
   47.29729730    0.00170968
   47.38738739    0.00182817
   47.47747748    0.00193196
   47.56756757    0.00198199
   47.65765766    0.00194910
   47.74774775    0.00183365
   47.83783784    0.00166440
   47.92792793    0.00147800
   48.01801802    0.00130145
   48.10810811    0.00114795
   48.19819820    0.00102089
   48.28828829    0.00091870
   48.37837838    0.00083805
   48.46846847    0.00077549
   48.55855856    0.00072802
   48.64864865    0.00069332
   48.73873874    0.00066968
   48.82882883    0.00065602
   48.91891892    0.00065174
   49.00900901    0.00065675
   49.09909910    0.00067142
   49.18918919    0.00069659
   49.27927928    0.00073358
   49.36936937    0.00078412
   49.45945946    0.00085017
   49.54954955    0.00093338
   49.63963964    0.00103406
   49.72972973    0.00114975
   49.81981982    0.00127399
   49.90990991    0.00139647
   50.00000000    0.00150444
   50.09009009    0.00158476
   50.18018018    0.00162854
   50.27027027    0.00163889
   50.36036036    0.00163320
   50.45045045    0.00163447
   50.54054054    0.00165976
   50.63063063    0.00171317
   50.72072072    0.00178328
   50.81081081    0.00184423
   50.90090090    0.00186459
   50.99099099    0.00182484
   51.08108108    0.00172968
   51.17117117    0.00160170
   51.26126126    0.00146485
   51.35135135    0.00133533
   51.44144144    0.00122221
   51.53153153    0.00113037
   51.62162162    0.00106201
   51.71171171    0.00101746
   51.80180180    0.00099622
   51.89189189    0.00099789
   51.98198198    0.00102273
   52.07207207    0.00107211
   52.16216216    0.00114863
   52.25225225    0.00125620
   52.34234234    0.00139977
   52.43243243    0.00158442
   52.52252252    0.00181307
   52.61261261    0.00208179
   52.70270270    0.00237260
   52.79279279    0.00264712
   52.88288288    0.00285036
   52.97297297    0.00293175
   53.06306306    0.00287150
   53.15315315    0.00268861
   53.24324324    0.00242739
   53.33333333    0.00213757
   53.42342342    0.00185861
   53.51351351    0.00161314
   53.60360360    0.00140926
   53.69369369    0.00124639
   53.78378378    0.00112031
   53.87387387    0.00102612
   53.96396396    0.00095953
   54.05405405    0.00091726
   54.14414414    0.00089687
   54.23423423    0.00089622
   54.32432432    0.00091247
   54.41441441    0.00094057
   54.50450450    0.00097168
   54.59459459    0.00099319
   54.68468468    0.00099306
   54.77477477    0.00096705
   54.86486486    0.00092199
   54.95495495    0.00087082
   55.04504505    0.00082540
   55.13513514    0.00079314
   55.22522523    0.00077754
   55.31531532    0.00077959
   55.40540541    0.00079864
   55.49549550    0.00083198
   55.58558559    0.00087362
   55.67567568    0.00091346
   55.76576577    0.00093905
   55.85585586    0.00094110
   55.94594595    0.00091920
   56.03603604    0.00088203
   56.12612613    0.00084176
   56.21621622    0.00080827
   56.30630631    0.00078709
   56.39639640    0.00078051
   56.48648649    0.00078944
   56.57657658    0.00081492
   56.66666667    0.00085866
   56.75675676    0.00092283
   56.84684685    0.00100944
   56.93693694    0.00111915
   57.02702703    0.00124939
   57.11711712    0.00139213
   57.20720721    0.00153355
   57.29729730    0.00165847
   57.38738739    0.00175849
   57.47747748    0.00183743
   57.56756757    0.00191039
   57.65765766    0.00199749
   57.74774775    0.00211419
   57.83783784    0.00226066
   57.92792793    0.00241358
   58.01801802    0.00252605
   58.10810811    0.00254440
   58.19819820    0.00244047
   58.28828829    0.00223183
   58.37837838    0.00196727
   58.46846847    0.00169538
   58.55855856    0.00144664
   58.64864865    0.00123330
   58.73873874    0.00105639
   58.82882883    0.00091193
   58.91891892    0.00079452
   59.00900901    0.00069896
   59.09909910    0.00062081
   59.18918919    0.00055651
   59.27927928    0.00050325
   59.36936937    0.00045883
   59.45945946    0.00042155
   59.54954955    0.00039010
   59.63963964    0.00036345
   59.72972973    0.00034078
   59.81981982    0.00032147
   59.90990991    0.00030499
   60.00000000    0.00029096
   60.09009009    0.00027904
   60.18018018    0.00026896
   60.27027027    0.00026051
   60.36036036    0.00025355
   60.45045045    0.00024798
   60.54054054    0.00024373
   60.63063063    0.00024080
   60.72072072    0.00023918
   60.81081081    0.00023890
   60.90090090    0.00024003
   60.99099099    0.00024261
   61.08108108    0.00024669
   61.17117117    0.00025221
   61.26126126    0.00025893
   61.35135135    0.00026636
   61.44144144    0.00027388
   61.53153153    0.00028106
   61.62162162    0.00028805
   61.71171171    0.00029563
   61.80180180    0.00030483
   61.89189189    0.00031657
   61.98198198    0.00033161
   62.07207207    0.00035063
   62.16216216    0.00037435
   62.25225225    0.00040367
   62.34234234    0.00043975
   62.43243243    0.00048411
   62.52252252    0.00053871
   62.61261261    0.00060608
   62.70270270    0.00068941
   62.79279279    0.00079244
   62.88288288    0.00091917
   62.97297297    0.00107274
   63.06306306    0.00125290
   63.15315315    0.00145154
   63.24324324    0.00164714
   63.33333333    0.00180344
   63.42342342    0.00188083
   63.51351351    0.00186008
   63.60360360    0.00175728
   63.69369369    0.00161236
   63.78378378    0.00146514
   63.87387387    0.00134167
   63.96396396    0.00125444
   64.05405405    0.00120778
   64.14414414    0.00120256
   64.23423423    0.00123858
   64.32432432    0.00131449
   64.41441441    0.00142559
   64.50450450    0.00155925
   64.59459459    0.00168988
   64.68468468    0.00177925
   64.77477477    0.00179013
   64.86486486    0.00170893
   64.95495495    0.00155516
   65.04504505    0.00136638
   65.13513514    0.00117614
   65.22522523    0.00100400
   65.31531532    0.00085711
   65.40540541    0.00073548
   65.49549550    0.00063604
   65.58558559    0.00055500
   65.67567568    0.00048877
   65.76576577    0.00043435
   65.85585586    0.00038931
   65.94594595    0.00035175
   66.03603604    0.00032018
   66.12612613    0.00029346
   66.21621622    0.00027068
   66.30630631    0.00025114
   66.39639640    0.00023429
   66.48648649    0.00021967
   66.57657658    0.00020695
   66.66666667    0.00019583
   66.75675676    0.00018608
   66.84684685    0.00017753
   66.93693694    0.00017002
   67.02702703    0.00016342
   67.11711712    0.00015763
   67.20720721    0.00015257
   67.29729730    0.00014819
   67.38738739    0.00014441
   67.47747748    0.00014121
   67.56756757    0.00013855
   67.65765766    0.00013642
   67.74774775    0.00013481
   67.83783784    0.00013371
   67.92792793    0.00013313
   68.01801802    0.00013308
   68.10810811    0.00013360
   68.19819820    0.00013471
   68.28828829    0.00013649
   68.37837838    0.00013904
   68.46846847    0.00014251
   68.55855856    0.00014705
   68.64864865    0.00015290
   68.73873874    0.00016034
   68.82882883    0.00016970
   68.91891892    0.00018145
   69.00900901    0.00019611
   69.09909910    0.00021428
   69.18918919    0.00023654
   69.27927928    0.00026319
   69.36936937    0.00029397
   69.45945946    0.00032774
   69.54954955    0.00036249
   69.63963964    0.00039570
   69.72972973    0.00042446
   69.81981982    0.00044505
   69.90990991    0.00045360
   70.00000000    0.00044807
   70.09009009    0.00042945
   70.18018018    0.00040134
   70.27027027    0.00036836
   70.36036036    0.00033468
   70.45045045    0.00030321
   70.54054054    0.00027568
   70.63063063    0.00025285
   70.72072072    0.00023479
   70.81081081    0.00022118
   70.90090090    0.00021149
   70.99099099    0.00020516
   71.08108108    0.00020169
   71.17117117    0.00020066
   71.26126126    0.00020171
   71.35135135    0.00020451
   71.44144144    0.00020855
   71.53153153    0.00021318
   71.62162162    0.00021787
   71.71171171    0.00022259
   71.80180180    0.00022798
   71.89189189    0.00023493
   71.98198198    0.00024431
   72.07207207    0.00025681
   72.16216216    0.00027305
   72.25225225    0.00029369
   72.34234234    0.00031949
   72.43243243    0.00035136
   72.52252252    0.00039031
   72.61261261    0.00043727
   72.70270270    0.00049269
   72.79279279    0.00055617
   72.88288288    0.00062645
   72.97297297    0.00070255
   73.06306306    0.00078558
   73.15315315    0.00087910
   73.24324324    0.00098648
   73.33333333    0.00110653
   73.42342342    0.00123035
   73.51351351    0.00134128
   73.60360360    0.00141864
   73.69369369    0.00144421
   73.78378378    0.00141055
   73.87387387    0.00132727
   73.96396396    0.00121772
   74.05405405    0.00110716
   74.14414414    0.00101349
   74.23423423    0.00094583
   74.32432432    0.00090736
   74.41441441    0.00089831
   74.50450450    0.00091743
   74.59459459    0.00096185
   74.68468468    0.00102582
   74.77477477    0.00109978
   74.86486486    0.00117159
   74.95495495    0.00123022
   75.04504505    0.00126713
   75.13513514    0.00127351
   75.22522523    0.00124016
   75.31531532    0.00116502
   75.40540541    0.00105913
   75.49549550    0.00094157
   75.58558559    0.00082928
   75.67567568    0.00073167
   75.76576577    0.00065111
   75.85585586    0.00058543
   75.94594595    0.00053032
   76.03603604    0.00048136
   76.12612613    0.00043565
   76.21621622    0.00039245
   76.30630631    0.00035253
   76.39639640    0.00031692
   76.48648649    0.00028612
   76.57657658    0.00025999
   76.66666667    0.00023806
   76.75675676    0.00021971
   76.84684685    0.00020438
   76.93693694    0.00019157
   77.02702703    0.00018086
   77.11711712    0.00017193
   77.20720721    0.00016453
   77.29729730    0.00015845
   77.38738739    0.00015356
   77.47747748    0.00014973
   77.56756757    0.00014689
   77.65765766    0.00014499
   77.74774775    0.00014401
   77.83783784    0.00014394
   77.92792793    0.00014482
   78.01801802    0.00014670
   78.10810811    0.00014966
   78.19819820    0.00015382
   78.28828829    0.00015934
   78.37837838    0.00016643
   78.46846847    0.00017538
   78.55855856    0.00018653
   78.64864865    0.00020037
   78.73873874    0.00021751
   78.82882883    0.00023875
   78.91891892    0.00026513
   79.00900901    0.00029796
   79.09909910    0.00033890
   79.18918919    0.00038992
   79.27927928    0.00045313
   79.36936937    0.00053017
   79.45945946    0.00062099
   79.54954955    0.00072141
   79.63963964    0.00082013
   79.72972973    0.00089766
   79.81981982    0.00093200
   79.90990991    0.00091129
   80.00000000    0.00084255
