# Final state angular momentum:   1
# Broadening parameter (in eV):    0.800
# Absorbing atom type (xiabs):   1
# Energy (eV)   sigma
  -10.00000000    0.00112818
   -9.95995996    0.00113287
   -9.91991992    0.00113759
   -9.87987988    0.00114235
   -9.83983984    0.00114713
   -9.79979980    0.00115195
   -9.75975976    0.00115680
   -9.71971972    0.00116167
   -9.67967968    0.00116659
   -9.63963964    0.00117153
   -9.59959960    0.00117650
   -9.55955956    0.00118151
   -9.51951952    0.00118655
   -9.47947948    0.00119162
   -9.43943944    0.00119673
   -9.39939940    0.00120187
   -9.35935936    0.00120705
   -9.31931932    0.00121226
   -9.27927928    0.00121750
   -9.23923924    0.00122278
   -9.19919920    0.00122810
   -9.15915916    0.00123345
   -9.11911912    0.00123884
   -9.07907908    0.00124426
   -9.03903904    0.00124972
   -8.99899900    0.00125522
   -8.95895896    0.00126076
   -8.91891892    0.00126633
   -8.87887888    0.00127194
   -8.83883884    0.00127759
   -8.79879880    0.00128328
   -8.75875876    0.00128901
   -8.71871872    0.00129478
   -8.67867868    0.00130058
   -8.63863864    0.00130643
   -8.59859860    0.00131232
   -8.55855856    0.00131825
   -8.51851852    0.00132423
   -8.47847848    0.00133024
   -8.43843844    0.00133630
   -8.39839840    0.00134240
   -8.35835836    0.00134854
   -8.31831832    0.00135473
   -8.27827828    0.00136096
   -8.23823824    0.00136723
   -8.19819820    0.00137355
   -8.15815816    0.00137992
   -8.11811812    0.00138633
   -8.07807808    0.00139279
   -8.03803804    0.00139929
   -7.99799800    0.00140585
   -7.95795796    0.00141245
   -7.91791792    0.00141910
   -7.87787788    0.00142579
   -7.83783784    0.00143254
   -7.79779780    0.00143933
   -7.75775776    0.00144618
   -7.71771772    0.00145308
   -7.67767768    0.00146003
   -7.63763764    0.00146703
   -7.59759760    0.00147408
   -7.55755756    0.00148118
   -7.51751752    0.00148834
   -7.47747748    0.00149556
   -7.43743744    0.00150282
   -7.39739740    0.00151015
   -7.35735736    0.00151752
   -7.31731732    0.00152496
   -7.27727728    0.00153245
   -7.23723724    0.00154000
   -7.19719720    0.00154761
   -7.15715716    0.00155527
   -7.11711712    0.00156300
   -7.07707708    0.00157078
   -7.03703704    0.00157863
   -6.99699700    0.00158653
   -6.95695696    0.00159450
   -6.91691692    0.00160253
   -6.87687688    0.00161063
   -6.83683684    0.00161879
   -6.79679680    0.00162701
   -6.75675676    0.00163530
   -6.71671672    0.00164365
   -6.67667668    0.00165208
   -6.63663664    0.00166057
   -6.59659660    0.00166912
   -6.55655656    0.00167775
   -6.51651652    0.00168645
   -6.47647648    0.00169521
   -6.43643644    0.00170405
   -6.39639640    0.00171296
   -6.35635636    0.00172195
   -6.31631632    0.00173100
   -6.27627628    0.00174014
   -6.23623624    0.00174935
   -6.19619620    0.00175863
   -6.15615616    0.00176799
   -6.11611612    0.00177743
   -6.07607608    0.00178695
   -6.03603604    0.00179655
   -5.99599600    0.00180623
   -5.95595596    0.00181599
   -5.91591592    0.00182584
   -5.87587588    0.00183577
   -5.83583584    0.00184578
   -5.79579580    0.00185588
   -5.75575576    0.00186607
   -5.71571572    0.00187635
   -5.67567568    0.00188671
   -5.63563564    0.00189716
   -5.59559560    0.00190771
   -5.55555556    0.00191835
   -5.51551552    0.00192908
   -5.47547548    0.00193990
   -5.43543544    0.00195082
   -5.39539540    0.00196184
   -5.35535536    0.00197296
   -5.31531532    0.00198417
   -5.27527528    0.00199549
   -5.23523524    0.00200691
   -5.19519520    0.00201843
   -5.15515516    0.00203005
   -5.11511512    0.00204178
   -5.07507508    0.00205362
   -5.03503504    0.00206557
   -4.99499499    0.00207762
   -4.95495495    0.00208979
   -4.91491491    0.00210207
   -4.87487487    0.00211446
   -4.83483483    0.00212697
   -4.79479479    0.00213960
   -4.75475475    0.00215234
   -4.71471471    0.00216520
   -4.67467467    0.00217819
   -4.63463463    0.00219130
   -4.59459459    0.00220453
   -4.55455455    0.00221789
   -4.51451451    0.00223138
   -4.47447447    0.00224500
   -4.43443443    0.00225875
   -4.39439439    0.00227263
   -4.35435435    0.00228665
   -4.31431431    0.00230081
   -4.27427427    0.00231510
   -4.23423423    0.00232954
   -4.19419419    0.00234412
   -4.15415415    0.00235884
   -4.11411411    0.00237371
   -4.07407407    0.00238873
   -4.03403403    0.00240390
   -3.99399399    0.00241922
   -3.95395395    0.00243470
   -3.91391391    0.00245033
   -3.87387387    0.00246613
   -3.83383383    0.00248209
   -3.79379379    0.00249821
   -3.75375375    0.00251449
   -3.71371371    0.00253095
   -3.67367367    0.00254758
   -3.63363363    0.00256438
   -3.59359359    0.00258135
   -3.55355355    0.00259851
   -3.51351351    0.00261585
   -3.47347347    0.00263337
   -3.43343343    0.00265108
   -3.39339339    0.00266898
   -3.35335335    0.00268707
   -3.31331331    0.00270536
   -3.27327327    0.00272385
   -3.23323323    0.00274253
   -3.19319319    0.00276143
   -3.15315315    0.00278053
   -3.11311311    0.00279984
   -3.07307307    0.00281936
   -3.03303303    0.00283910
   -2.99299299    0.00285907
   -2.95295295    0.00287926
   -2.91291291    0.00289967
   -2.87287287    0.00292032
   -2.83283283    0.00294120
   -2.79279279    0.00296233
   -2.75275275    0.00298369
   -2.71271271    0.00300530
   -2.67267267    0.00302717
   -2.63263263    0.00304928
   -2.59259259    0.00307166
   -2.55255255    0.00309430
   -2.51251251    0.00311721
   -2.47247247    0.00314039
   -2.43243243    0.00316384
   -2.39239239    0.00318758
   -2.35235235    0.00321161
   -2.31231231    0.00323592
   -2.27227227    0.00326053
   -2.23223223    0.00328544
   -2.19219219    0.00331066
   -2.15215215    0.00333619
   -2.11211211    0.00336203
   -2.07207207    0.00338820
   -2.03203203    0.00341470
   -1.99199199    0.00344153
   -1.95195195    0.00346870
   -1.91191191    0.00349621
   -1.87187187    0.00352408
   -1.83183183    0.00355230
   -1.79179179    0.00358089
   -1.75175175    0.00360985
   -1.71171171    0.00363919
   -1.67167167    0.00366892
   -1.63163163    0.00369904
   -1.59159159    0.00372955
   -1.55155155    0.00376048
   -1.51151151    0.00379181
   -1.47147147    0.00382358
   -1.43143143    0.00385577
   -1.39139139    0.00388840
   -1.35135135    0.00392148
   -1.31131131    0.00395501
   -1.27127127    0.00398901
   -1.23123123    0.00402348
   -1.19119119    0.00405844
   -1.15115115    0.00409389
   -1.11111111    0.00412984
   -1.07107107    0.00416631
   -1.03103103    0.00420330
   -0.99099099    0.00424082
   -0.95095095    0.00427889
   -0.91091091    0.00431751
   -0.87087087    0.00435670
   -0.83083083    0.00439648
   -0.79079079    0.00443684
   -0.75075075    0.00447780
   -0.71071071    0.00451939
   -0.67067067    0.00456160
   -0.63063063    0.00460446
   -0.59059059    0.00464798
   -0.55055055    0.00469216
   -0.51051051    0.00473704
   -0.47047047    0.00478261
   -0.43043043    0.00482891
   -0.39039039    0.00487594
   -0.35035035    0.00492371
   -0.31031031    0.00497226
   -0.27027027    0.00502159
   -0.23023023    0.00507172
   -0.19019019    0.00512267
   -0.15015015    0.00517447
   -0.11011011    0.00522712
   -0.07007007    0.00528038
   -0.03003003    0.00533458
    0.01001001    0.00538988
    0.05005005    0.00544631
    0.09009009    0.00550392
    0.13013013    0.00556231
    0.17017017    0.00562159
    0.21021021    0.00568192
    0.25025025    0.00574332
    0.29029029    0.00580581
    0.33033033    0.00586943
    0.37037037    0.00593420
    0.41041041    0.00600016
    0.45045045    0.00606733
    0.49049049    0.00613574
    0.53053053    0.00620544
    0.57057057    0.00627645
    0.61061061    0.00634880
    0.65065065    0.00642255
    0.69069069    0.00649772
    0.73073073    0.00657435
    0.77077077    0.00665249
    0.81081081    0.00673217
    0.85085085    0.00681345
    0.89089089    0.00689636
    0.93093093    0.00698096
    0.97097097    0.00706729
    1.01101101    0.00715541
    1.05105105    0.00724536
    1.09109109    0.00733721
    1.13113113    0.00743101
    1.17117117    0.00752683
    1.21121121    0.00762471
    1.25125125    0.00772474
    1.29129129    0.00782697
    1.33133133    0.00793147
    1.37137137    0.00803833
    1.41141141    0.00814761
    1.45145145    0.00825940
    1.49149149    0.00837378
    1.53153153    0.00849083
    1.57157157    0.00861065
    1.61161161    0.00873334
    1.65165165    0.00885898
    1.69169169    0.00898769
    1.73173173    0.00911957
    1.77177177    0.00925474
    1.81181181    0.00939331
    1.85185185    0.00953541
    1.89189189    0.00968118
    1.93193193    0.00983074
    1.97197197    0.00998424
    2.01201201    0.01014184
    2.05205205    0.01030369
    2.09209209    0.01046996
    2.13213213    0.01064082
    2.17217217    0.01081646
    2.21221221    0.01099707
    2.25225225    0.01118286
    2.29229229    0.01137405
    2.33233233    0.01157085
    2.37237237    0.01177352
    2.41241241    0.01198230
    2.45245245    0.01219746
    2.49249249    0.01241930
    2.53253253    0.01264809
    2.57257257    0.01288418
    2.61261261    0.01312788
    2.65265265    0.01337956
    2.69269269    0.01363959
    2.73273273    0.01390837
    2.77277277    0.01418633
    2.81281281    0.01447392
    2.85285285    0.01477163
    2.89289289    0.01507995
    2.93293293    0.01539943
    2.97297297    0.01573066
    3.01301301    0.01607423
    3.05305305    0.01643082
    3.09309309    0.01680110
    3.13313313    0.01718584
    3.17317317    0.01758581
    3.21321321    0.01800185
    3.25325325    0.01843488
    3.29329329    0.01888583
    3.33333333    0.01935573
    3.37337337    0.01984565
    3.41341341    0.02035675
    3.45345345    0.02089025
    3.49349349    0.02144744
    3.53353353    0.02202968
    3.57357357    0.02263841
    3.61361361    0.02327516
    3.65365365    0.02394152
    3.69369369    0.02463916
    3.73373373    0.02536979
    3.77377377    0.02613520
    3.81381381    0.02693723
    3.85385385    0.02777772
    3.89389389    0.02865855
    3.93393393    0.02958156
    3.97397397    0.03054854
    4.01401401    0.03156122
    4.05405405    0.03262118
    4.09409409    0.03372984
    4.13413413    0.03488838
    4.17417417    0.03609775
    4.21421421    0.03735854
    4.25425425    0.03867100
    4.29429429    0.04003498
    4.33433433    0.04144989
    4.37437437    0.04291472
    4.41441441    0.04442799
    4.45445445    0.04598773
    4.49449449    0.04759154
    4.53453453    0.04923644
    4.57457457    0.05091893
    4.61461461    0.05263480
    4.65465465    0.05437908
    4.69469469    0.05614589
    4.73473473    0.05792826
    4.77477477    0.05971812
    4.81481481    0.06150624
    4.85485485    0.06328233
    4.89489489    0.06503534
    4.93493493    0.06675390
    4.97497497    0.06842686
    5.01501502    0.07004408
    5.05505506    0.07159715
    5.09509510    0.07308017
    5.13513514    0.07449039
    5.17517518    0.07582854
    5.21521522    0.07709906
    5.25525526    0.07830984
    5.29529530    0.07947185
    5.33533534    0.08059842
    5.37537538    0.08170446
    5.41541542    0.08280567
    5.45545546    0.08391769
    5.49549550    0.08505552
    5.53553554    0.08623301
    5.57557558    0.08746253
    5.61561562    0.08875481
    5.65565566    0.09011892
    5.69569570    0.09156227
    5.73573574    0.09309069
    5.77577578    0.09470852
    5.81581582    0.09641863
    5.85585586    0.09822247
    5.89589590    0.10012007
    5.93593594    0.10210993
    5.97597598    0.10418901
    6.01601602    0.10635252
    6.05605606    0.10859372
    6.09609610    0.11090371
    6.13613614    0.11327108
    6.17617618    0.11568169
    6.21621622    0.11811845
    6.25625626    0.12056127
    6.29629630    0.12298731
    6.33633634    0.12537148
    6.37637638    0.12768736
    6.41641642    0.12990845
    6.45645646    0.13200978
    6.49649650    0.13396965
    6.53653654    0.13577145
    6.57657658    0.13740521
    6.61661662    0.13886888
    6.65665666    0.14016901
    6.69669670    0.14132081
    6.73673674    0.14234760
    6.77677678    0.14327965
    6.81681682    0.14415259
    6.85685686    0.14500553
    6.89689690    0.14587910
    6.93693694    0.14681344
    6.97697698    0.14784645
    7.01701702    0.14901219
    7.05705706    0.15033954
    7.09709710    0.15185120
    7.13713714    0.15356281
    7.17717718    0.15548236
    7.21721722    0.15760977
    7.25725726    0.15993662
    7.29729730    0.16244609
    7.33733734    0.16511305
    7.37737738    0.16790448
    7.41741742    0.17078009
    7.45745746    0.17369330
    7.49749750    0.17659265
    7.53753754    0.17942351
    7.57757758    0.18213018
    7.61761762    0.18465824
    7.65765766    0.18695703
    7.69769770    0.18898206
    7.73773774    0.19069726
    7.77777778    0.19207661
    7.81781782    0.19310540
    7.85785786    0.19378052
    7.89789790    0.19411023
    7.93793794    0.19411312
    7.97797798    0.19381656
    8.01801802    0.19325475
    8.05805806    0.19246656
    8.09809810    0.19149327
    8.13813814    0.19037643
    8.17817818    0.18915591
    8.21821822    0.18786815
    8.25825826    0.18654483
    8.29829830    0.18521187
    8.33833834    0.18388887
    8.37837838    0.18258892
    8.41841842    0.18131888
    8.45845846    0.18007993
    8.49849850    0.17886844
    8.53853854    0.17767693
    8.57857858    0.17649508
    8.61861862    0.17531066
    8.65865866    0.17411026
    8.69869870    0.17287982
    8.73873874    0.17160494
    8.77877878    0.17027103
    8.81881882    0.16886340
    8.85885886    0.16736748
    8.89889890    0.16576905
    8.93893894    0.16405482
    8.97897898    0.16221311
    9.01901902    0.16023477
    9.05905906    0.15811404
    9.09909910    0.15584941
    9.13913914    0.15344419
    9.17917918    0.15090676
    9.21921922    0.14825041
    9.25925926    0.14549281
    9.29929930    0.14265517
    9.33933934    0.13976118
    9.37937938    0.13683583
    9.41941942    0.13390432
    9.45945946    0.13099099
    9.49949950    0.12811852
    9.53953954    0.12530728
    9.57957958    0.12257487
    9.61961962    0.11993593
    9.65965966    0.11740207
    9.69969970    0.11498199
    9.73973974    0.11268172
    9.77977978    0.11050493
    9.81981982    0.10845332
    9.85985986    0.10652700
    9.89989990    0.10472492
    9.93993994    0.10304517
    9.97997998    0.10148534
   10.02002002    0.10004270
   10.06006006    0.09871443
   10.10010010    0.09749770
   10.14014014    0.09638974
   10.18018018    0.09538787
   10.22022022    0.09448952
   10.26026026    0.09369222
   10.30030030    0.09299356
   10.34034034    0.09239116
   10.38038038    0.09188264
   10.42042042    0.09146556
   10.46046046    0.09113727
   10.50050050    0.09089492
   10.54054054    0.09073532
   10.58058058    0.09065492
   10.62062062    0.09064987
   10.66066066    0.09071608
   10.70070070    0.09084943
   10.74074074    0.09104599
   10.78078078    0.09130235
   10.82082082    0.09161588
   10.86086086    0.09198499
   10.90090090    0.09240930
   10.94094094    0.09288957
   10.98098098    0.09342760
   11.02102102    0.09402589
   11.06106106    0.09468708
   11.10110110    0.09541344
   11.14114114    0.09620610
   11.18118118    0.09706447
   11.22122122    0.09798553
   11.26126126    0.09896340
   11.30130130    0.09998893
   11.34134134    0.10104955
   11.38138138    0.10212934
   11.42142142    0.10320938
   11.46146146    0.10426828
   11.50150150    0.10528304
   11.54154154    0.10623007
   11.58158158    0.10708642
   11.62162162    0.10783099
   11.66166166    0.10844576
   11.70170170    0.10891680
   11.74174174    0.10923505
   11.78178178    0.10939669
   11.82182182    0.10940312
   11.86186186    0.10926061
   11.90190190    0.10897957
   11.94194194    0.10857367
   11.98198198    0.10805877
   12.02202202    0.10745195
   12.06206206    0.10677061
   12.10210210    0.10603172
   12.14214214    0.10525128
   12.18218218    0.10444403
   12.22222222    0.10362324
   12.26226226    0.10280069
   12.30230230    0.10198678
   12.34234234    0.10119059
   12.38238238    0.10041994
   12.42242242    0.09968143
   12.46246246    0.09898041
   12.50250250    0.09832080
   12.54254254    0.09770495
   12.58258258    0.09713341
   12.62262262    0.09660476
   12.66266266    0.09611548
   12.70270270    0.09565999
   12.74274274    0.09523073
   12.78278278    0.09481856
   12.82282282    0.09441317
   12.86286286    0.09400371
   12.90290290    0.09357953
   12.94294294    0.09313087
   12.98298298    0.09264960
   13.02302302    0.09212982
   13.06306306    0.09156825
   13.10310310    0.09096456
   13.14314314    0.09032137
   13.18318318    0.08964414
   13.22322322    0.08894083
   13.26326326    0.08822156
   13.30330330    0.08749811
   13.34334334    0.08678342
   13.38338338    0.08609112
   13.42342342    0.08543511
   13.46346346    0.08482918
   13.50350350    0.08428667
   13.54354354    0.08382024
   13.58358358    0.08344168
   13.62362362    0.08316176
   13.66366366    0.08299013
   13.70370370    0.08293528
   13.74374374    0.08300444
   13.78378378    0.08320353
   13.82382382    0.08353711
   13.86386386    0.08400825
   13.90390390    0.08461840
   13.94394394    0.08536715
   13.98398398    0.08625208
   14.02402402    0.08726843
   14.06406406    0.08840883
   14.10410410    0.08966303
   14.14414414    0.09101757
   14.18418418    0.09245561
   14.22422422    0.09395671
   14.26426426    0.09549683
   14.30430430    0.09704843
   14.34434434    0.09858074
   14.38438438    0.10006037
   14.42442442    0.10145205
   14.46446446    0.10271975
   14.50450450    0.10382794
   14.54454454    0.10474310
   14.58458458    0.10543526
   14.62462462    0.10587950
   14.66466466    0.10605722
   14.70470470    0.10595710
   14.74474474    0.10557559
   14.78478478    0.10491688
   14.82482482    0.10399233
   14.86486486    0.10281956
   14.90490490    0.10142110
   14.94494494    0.09982293
   14.98498498    0.09805293
   15.02502503    0.09613948
   15.06506507    0.09411017
   15.10510511    0.09199080
   15.14514515    0.08980465
   15.18518519    0.08757203
   15.22522523    0.08531008
   15.26526527    0.08303289
   15.30530531    0.08075169
   15.34534535    0.07847532
   15.38538539    0.07621073
   15.42542543    0.07396348
   15.46546547    0.07173831
   15.50550551    0.06953954
   15.54554555    0.06737145
   15.58558559    0.06523845
   15.62562563    0.06314517
   15.66566567    0.06109642
   15.70570571    0.05909708
   15.74574575    0.05715189
   15.78578579    0.05526532
   15.82582583    0.05344136
   15.86586587    0.05168335
   15.90590591    0.04999397
   15.94594595    0.04837512
   15.98598599    0.04682795
   16.02602603    0.04535290
   16.06606607    0.04394975
   16.10610611    0.04261772
   16.14614615    0.04135555
   16.18618619    0.04016158
   16.22622623    0.03903387
   16.26626627    0.03797027
   16.30630631    0.03696846
   16.34634635    0.03602605
   16.38638639    0.03514063
   16.42642643    0.03430979
   16.46646647    0.03353117
   16.50650651    0.03280249
   16.54654655    0.03212156
   16.58658659    0.03148629
   16.62662663    0.03089473
   16.66666667    0.03034503
   16.70670671    0.02983548
   16.74674675    0.02936450
   16.78678679    0.02893066
   16.82682683    0.02853262
   16.86686687    0.02816920
   16.90690691    0.02783932
   16.94694695    0.02754205
   16.98698699    0.02727655
   17.02702703    0.02704210
   17.06706707    0.02683809
   17.10710711    0.02666402
   17.14714715    0.02651947
   17.18718719    0.02640412
   17.22722723    0.02631775
   17.26726727    0.02626017
   17.30730731    0.02623130
   17.34734735    0.02623109
   17.38738739    0.02625952
   17.42742743    0.02631663
   17.46746747    0.02640240
   17.50750751    0.02651684
   17.54754755    0.02665986
   17.58758759    0.02683130
   17.62762763    0.02703087
   17.66766767    0.02725809
   17.70770771    0.02751225
   17.74774775    0.02779235
   17.78778779    0.02809708
   17.82782783    0.02842469
   17.86786787    0.02877303
   17.90790791    0.02913948
   17.94794795    0.02952092
   17.98798799    0.02991380
   18.02802803    0.03031417
   18.06806807    0.03071782
   18.10810811    0.03112038
   18.14814815    0.03151759
   18.18818819    0.03190549
   18.22822823    0.03228072
   18.26826827    0.03264073
   18.30830831    0.03298406
   18.34834835    0.03331050
   18.38838839    0.03362115
   18.42842843    0.03391849
   18.46846847    0.03420627
   18.50850851    0.03448932
   18.54854855    0.03477340
   18.58858859    0.03506490
   18.62862863    0.03537059
   18.66866867    0.03569740
   18.70870871    0.03605220
   18.74874875    0.03644166
   18.78878879    0.03687207
   18.82882883    0.03734935
   18.86886887    0.03787893
   18.90890891    0.03846577
   18.94894895    0.03911434
   18.98898899    0.03982862
   19.02902903    0.04061210
   19.06906907    0.04146774
   19.10910911    0.04239796
   19.14914915    0.04340457
   19.18918919    0.04448867
   19.22922923    0.04565059
   19.26926927    0.04688973
   19.30930931    0.04820439
   19.34934935    0.04959168
   19.38938939    0.05104732
   19.42942943    0.05256551
   19.46946947    0.05413886
   19.50950951    0.05575832
   19.54954955    0.05741326
   19.58958959    0.05909159
   19.62962963    0.06078005
   19.66966967    0.06246458
   19.70970971    0.06413078
   19.74974975    0.06576446
   19.78978979    0.06735214
   19.82982983    0.06888162
   19.86986987    0.07034228
   19.90990991    0.07172535
   19.94994995    0.07302394
   19.98998999    0.07423297
   20.03003003    0.07534890
   20.07007007    0.07636949
   20.11011011    0.07729360
   20.15015015    0.07812095
   20.19019019    0.07885218
   20.23023023    0.07948885
   20.27027027    0.08003367
   20.31031031    0.08049063
   20.35035035    0.08086515
   20.39039039    0.08116404
   20.43043043    0.08139539
   20.47047047    0.08156821
   20.51051051    0.08169199
   20.55055055    0.08177619
   20.59059059    0.08182970
   20.63063063    0.08186043
   20.67067067    0.08187498
   20.71071071    0.08187859
   20.75075075    0.08187512
   20.79079079    0.08186730
   20.83083083    0.08185703
   20.87087087    0.08184569
   20.91091091    0.08183449
   20.95095095    0.08182465
   20.99099099    0.08181747
   21.03103103    0.08181435
   21.07107107    0.08181650
   21.11111111    0.08182474
   21.15115115    0.08183912
   21.19119119    0.08185859
   21.23123123    0.08188072
   21.27127127    0.08190146
   21.31131131    0.08191515
   21.35135135    0.08191452
   21.39139139    0.08189098
   21.43143143    0.08183495
   21.47147147    0.08173636
   21.51151151    0.08158526
   21.55155155    0.08137237
   21.59159159    0.08108972
   21.63163163    0.08073116
   21.67167167    0.08029277
   21.71171171    0.07977321
   21.75175175    0.07917382
   21.79179179    0.07849862
   21.83183183    0.07775419
   21.87187187    0.07694944
   21.91191191    0.07609520
   21.95195195    0.07520387
   21.99199199    0.07428891
   22.03203203    0.07336441
   22.07207207    0.07244457
   22.11211211    0.07154332
   22.15215215    0.07067384
   22.19219219    0.06984832
   22.23223223    0.06907759
   22.27227227    0.06837100
   22.31231231    0.06773625
   22.35235235    0.06717929
   22.39239239    0.06670433
   22.43243243    0.06631385
   22.47247247    0.06600859
   22.51251251    0.06578767
   22.55255255    0.06564864
   22.59259259    0.06558763
   22.63263263    0.06559946
   22.67267267    0.06567783
   22.71271271    0.06581552
   22.75275275    0.06600463
   22.79279279    0.06623685
   22.83283283    0.06650374
   22.87287287    0.06679698
   22.91291291    0.06710863
   22.95295295    0.06743132
   22.99299299    0.06775832
   23.03303303    0.06808358
   23.07307307    0.06840159
   23.11311311    0.06870728
   23.15315315    0.06899567
   23.19319319    0.06926172
   23.23323323    0.06950004
   23.27327327    0.06970481
   23.31331331    0.06986970
   23.35335335    0.06998806
   23.39339339    0.07005320
   23.43343343    0.07005877
   23.47347347    0.06999931
   23.51351351    0.06987073
   23.55355355    0.06967082
   23.59359359    0.06939951
   23.63363363    0.06905911
   23.67367367    0.06865422
   23.71371371    0.06819144
   23.75375375    0.06767898
   23.79379379    0.06712604
   23.83383383    0.06654222
   23.87387387    0.06593686
   23.91391391    0.06531855
   23.95395395    0.06469463
   23.99399399    0.06407101
   24.03403403    0.06345202
   24.07407407    0.06284049
   24.11411411    0.06223795
   24.15415415    0.06164488
   24.19419419    0.06106106
   24.23423423    0.06048583
   24.27427427    0.05991836
   24.31431431    0.05935779
   24.35435435    0.05880319
   24.39439439    0.05825354
   24.43443443    0.05770750
   24.47447447    0.05716322
   24.51451451    0.05661807
   24.55455455    0.05606848
   24.59459459    0.05550989
   24.63463463    0.05493676
   24.67467467    0.05434275
   24.71471471    0.05372106
   24.75475475    0.05306484
   24.79479479    0.05236770
   24.83483483    0.05162421
   24.87487487    0.05083038
   24.91491491    0.04998405
   24.95495495    0.04908514
   24.99499499    0.04813573
   25.03503504    0.04713999
   25.07507508    0.04610397
   25.11511512    0.04503521
   25.15515516    0.04394235
   25.19519520    0.04283466
   25.23523524    0.04172160
   25.27527528    0.04061241
   25.31531532    0.03951578
   25.35535536    0.03843959
   25.39539540    0.03739079
   25.43543544    0.03637525
   25.47547548    0.03539779
   25.51551552    0.03446219
   25.55555556    0.03357124
   25.59559560    0.03272688
   25.63563564    0.03193024
   25.67567568    0.03118177
   25.71571572    0.03048138
   25.75575576    0.02982847
   25.79579580    0.02922207
   25.83583584    0.02866091
   25.87587588    0.02814345
   25.91591592    0.02766800
   25.95595596    0.02723272
   25.99599600    0.02683572
   26.03603604    0.02647505
   26.07607608    0.02614875
   26.11611612    0.02585489
   26.15615616    0.02559154
   26.19619620    0.02535682
   26.23623624    0.02514888
   26.27627628    0.02496585
   26.31631632    0.02480583
   26.35635636    0.02466689
   26.39639640    0.02454696
   26.43643644    0.02444381
   26.47647648    0.02435505
   26.51651652    0.02427807
   26.55655656    0.02421003
   26.59659660    0.02414790
   26.63663664    0.02408848
   26.67667668    0.02402851
   26.71671672    0.02396469
   26.75675676    0.02389386
   26.79679680    0.02381306
   26.83683684    0.02371968
   26.87687688    0.02361154
   26.91691692    0.02348696
   26.95695696    0.02334481
   26.99699700    0.02318450
   27.03703704    0.02300601
   27.07707708    0.02280978
   27.11711712    0.02259668
   27.15715716    0.02236796
   27.19719720    0.02212514
   27.23723724    0.02187001
   27.27727728    0.02160454
   27.31731732    0.02133087
   27.35735736    0.02105130
   27.39739740    0.02076823
   27.43743744    0.02048418
   27.47747748    0.02020178
   27.51751752    0.01992366
   27.55755756    0.01965251
   27.59759760    0.01939096
   27.63763764    0.01914158
   27.67767768    0.01890678
   27.71771772    0.01868885
   27.75775776    0.01848985
   27.79779780    0.01831164
   27.83783784    0.01815584
   27.87787788    0.01802383
   27.91791792    0.01791677
   27.95795796    0.01783557
   27.99799800    0.01778092
   28.03803804    0.01775328
   28.07807808    0.01775286
   28.11811812    0.01777963
   28.15815816    0.01783328
   28.19819820    0.01791320
   28.23823824    0.01801842
   28.27827828    0.01814760
   28.31831832    0.01829891
   28.35835836    0.01847006
   28.39839840    0.01865816
   28.43843844    0.01885974
   28.47847848    0.01907068
   28.51851852    0.01928624
   28.55855856    0.01950110
   28.59859860    0.01970944
   28.63863864    0.01990510
   28.67867868    0.02008177
   28.71871872    0.02023326
   28.75875876    0.02035377
   28.79879880    0.02043822
   28.83883884    0.02048253
   28.87887888    0.02048387
   28.91891892    0.02044084
   28.95895896    0.02035357
   28.99899900    0.02022366
   29.03903904    0.02005409
   29.07907908    0.01984902
   29.11911912    0.01961349
   29.15915916    0.01935316
   29.19919920    0.01907399
   29.23923924    0.01878197
   29.27927928    0.01848288
   29.31931932    0.01818210
   29.35935936    0.01788446
   29.39939940    0.01759419
   29.43943944    0.01731481
   29.47947948    0.01704918
   29.51951952    0.01679948
   29.55955956    0.01656726
   29.59959960    0.01635350
   29.63963964    0.01615861
   29.67967968    0.01598257
   29.71971972    0.01582492
   29.75975976    0.01568487
   29.79979980    0.01556134
   29.83983984    0.01545305
   29.87987988    0.01535857
   29.91991992    0.01527641
   29.95995996    0.01520506
   30.00000000    0.01514309
