# Final state angular momentum:   1
# Broadening parameter (in eV):    0.800
# Absorbing atom type (xiabs):   1
# Energy (eV)   sigma
  -10.00000000    0.00059369
   -9.95995996    0.00059595
   -9.91991992    0.00059823
   -9.87987988    0.00060051
   -9.83983984    0.00060281
   -9.79979980    0.00060512
   -9.75975976    0.00060745
   -9.71971972    0.00060979
   -9.67967968    0.00061214
   -9.63963964    0.00061451
   -9.59959960    0.00061689
   -9.55955956    0.00061929
   -9.51951952    0.00062170
   -9.47947948    0.00062413
   -9.43943944    0.00062657
   -9.39939940    0.00062902
   -9.35935936    0.00063149
   -9.31931932    0.00063398
   -9.27927928    0.00063648
   -9.23923924    0.00063899
   -9.19919920    0.00064152
   -9.15915916    0.00064407
   -9.11911912    0.00064663
   -9.07907908    0.00064921
   -9.03903904    0.00065180
   -8.99899900    0.00065441
   -8.95895896    0.00065704
   -8.91891892    0.00065968
   -8.87887888    0.00066234
   -8.83883884    0.00066502
   -8.79879880    0.00066771
   -8.75875876    0.00067042
   -8.71871872    0.00067315
   -8.67867868    0.00067589
   -8.63863864    0.00067865
   -8.59859860    0.00068143
   -8.55855856    0.00068423
   -8.51851852    0.00068704
   -8.47847848    0.00068987
   -8.43843844    0.00069272
   -8.39839840    0.00069559
   -8.35835836    0.00069848
   -8.31831832    0.00070139
   -8.27827828    0.00070431
   -8.23823824    0.00070726
   -8.19819820    0.00071022
   -8.15815816    0.00071320
   -8.11811812    0.00071620
   -8.07807808    0.00071922
   -8.03803804    0.00072227
   -7.99799800    0.00072533
   -7.95795796    0.00072841
   -7.91791792    0.00073151
   -7.87787788    0.00073464
   -7.83783784    0.00073778
   -7.79779780    0.00074095
   -7.75775776    0.00074413
   -7.71771772    0.00074734
   -7.67767768    0.00075057
   -7.63763764    0.00075382
   -7.59759760    0.00075709
   -7.55755756    0.00076039
   -7.51751752    0.00076371
   -7.47747748    0.00076705
   -7.43743744    0.00077041
   -7.39739740    0.00077380
   -7.35735736    0.00077721
   -7.31731732    0.00078064
   -7.27727728    0.00078410
   -7.23723724    0.00078758
   -7.19719720    0.00079108
   -7.15715716    0.00079461
   -7.11711712    0.00079817
   -7.07707708    0.00080175
   -7.03703704    0.00080535
   -6.99699700    0.00080898
   -6.95695696    0.00081264
   -6.91691692    0.00081632
   -6.87687688    0.00082003
   -6.83683684    0.00082376
   -6.79679680    0.00082753
   -6.75675676    0.00083131
   -6.71671672    0.00083513
   -6.67667668    0.00083897
   -6.63663664    0.00084284
   -6.59659660    0.00084674
   -6.55655656    0.00085067
   -6.51651652    0.00085463
   -6.47647648    0.00085861
   -6.43643644    0.00086263
   -6.39639640    0.00086667
   -6.35635636    0.00087074
   -6.31631632    0.00087485
   -6.27627628    0.00087898
   -6.23623624    0.00088315
   -6.19619620    0.00088735
   -6.15615616    0.00089157
   -6.11611612    0.00089583
   -6.07607608    0.00090013
   -6.03603604    0.00090445
   -5.99599600    0.00090881
   -5.95595596    0.00091320
   -5.91591592    0.00091762
   -5.87587588    0.00092208
   -5.83583584    0.00092657
   -5.79579580    0.00093110
   -5.75575576    0.00093566
   -5.71571572    0.00094026
   -5.67567568    0.00094489
   -5.63563564    0.00094956
   -5.59559560    0.00095427
   -5.55555556    0.00095901
   -5.51551552    0.00096379
   -5.47547548    0.00096861
   -5.43543544    0.00097347
   -5.39539540    0.00097836
   -5.35535536    0.00098330
   -5.31531532    0.00098827
   -5.27527528    0.00099328
   -5.23523524    0.00099834
   -5.19519520    0.00100343
   -5.15515516    0.00100857
   -5.11511512    0.00101375
   -5.07507508    0.00101897
   -5.03503504    0.00102423
   -4.99499499    0.00102954
   -4.95495495    0.00103489
   -4.91491491    0.00104028
   -4.87487487    0.00104572
   -4.83483483    0.00105121
   -4.79479479    0.00105674
   -4.75475475    0.00106231
   -4.71471471    0.00106794
   -4.67467467    0.00107361
   -4.63463463    0.00107933
   -4.59459459    0.00108510
   -4.55455455    0.00109091
   -4.51451451    0.00109678
   -4.47447447    0.00110270
   -4.43443443    0.00110867
   -4.39439439    0.00111469
   -4.35435435    0.00112076
   -4.31431431    0.00112689
   -4.27427427    0.00113307
   -4.23423423    0.00113930
   -4.19419419    0.00114559
   -4.15415415    0.00115193
   -4.11411411    0.00115833
   -4.07407407    0.00116479
   -4.03403403    0.00117131
   -3.99399399    0.00117788
   -3.95395395    0.00118451
   -3.91391391    0.00119121
   -3.87387387    0.00119796
   -3.83383383    0.00120478
   -3.79379379    0.00121166
   -3.75375375    0.00121860
   -3.71371371    0.00122560
   -3.67367367    0.00123267
   -3.63363363    0.00123981
   -3.59359359    0.00124701
   -3.55355355    0.00125428
   -3.51351351    0.00126162
   -3.47347347    0.00126903
   -3.43343343    0.00127650
   -3.39339339    0.00128405
   -3.35335335    0.00129167
   -3.31331331    0.00129937
   -3.27327327    0.00130714
   -3.23323323    0.00131498
   -3.19319319    0.00132290
   -3.15315315    0.00133089
   -3.11311311    0.00133897
   -3.07307307    0.00134712
   -3.03303303    0.00135536
   -2.99299299    0.00136367
   -2.95295295    0.00137207
   -2.91291291    0.00138056
   -2.87287287    0.00138912
   -2.83283283    0.00139778
   -2.79279279    0.00140652
   -2.75275275    0.00141535
   -2.71271271    0.00142427
   -2.67267267    0.00143329
   -2.63263263    0.00144239
   -2.59259259    0.00145159
   -2.55255255    0.00146088
   -2.51251251    0.00147028
   -2.47247247    0.00147977
   -2.43243243    0.00148936
   -2.39239239    0.00149905
   -2.35235235    0.00150885
   -2.31231231    0.00151874
   -2.27227227    0.00152875
   -2.23223223    0.00153886
   -2.19219219    0.00154909
   -2.15215215    0.00155942
   -2.11211211    0.00156987
   -2.07207207    0.00158043
   -2.03203203    0.00159111
   -1.99199199    0.00160190
   -1.95195195    0.00161282
   -1.91191191    0.00162386
   -1.87187187    0.00163502
   -1.83183183    0.00164631
   -1.79179179    0.00165773
   -1.75175175    0.00166928
   -1.71171171    0.00168096
   -1.67167167    0.00169277
   -1.63163163    0.00170472
   -1.59159159    0.00171681
   -1.55155155    0.00172905
   -1.51151151    0.00174142
   -1.47147147    0.00175394
   -1.43143143    0.00176662
   -1.39139139    0.00177944
   -1.35135135    0.00179241
   -1.31131131    0.00180555
   -1.27127127    0.00181884
   -1.23123123    0.00183230
   -1.19119119    0.00184592
   -1.15115115    0.00185970
   -1.11111111    0.00187366
   -1.07107107    0.00188780
   -1.03103103    0.00190210
   -0.99099099    0.00191660
   -0.95095095    0.00193127
   -0.91091091    0.00194613
   -0.87087087    0.00196118
   -0.83083083    0.00197643
   -0.79079079    0.00199187
   -0.75075075    0.00200752
   -0.71071071    0.00202337
   -0.67067067    0.00203943
   -0.63063063    0.00205570
   -0.59059059    0.00207219
   -0.55055055    0.00208891
   -0.51051051    0.00210585
   -0.47047047    0.00212301
   -0.43043043    0.00214042
   -0.39039039    0.00215806
   -0.35035035    0.00217595
   -0.31031031    0.00219409
   -0.27027027    0.00221248
   -0.23023023    0.00223113
   -0.19019019    0.00225005
   -0.15015015    0.00226924
   -0.11011011    0.00228870
   -0.07007007    0.00230836
   -0.03003003    0.00232832
    0.01001001    0.00234863
    0.05005005    0.00236930
    0.09009009    0.00239034
    0.13013013    0.00241162
    0.17017017    0.00243319
    0.21021021    0.00245509
    0.25025025    0.00247733
    0.29029029    0.00249990
    0.33033033    0.00252283
    0.37037037    0.00254611
    0.41041041    0.00256977
    0.45045045    0.00259380
    0.49049049    0.00261821
    0.53053053    0.00264302
    0.57057057    0.00266823
    0.61061061    0.00269385
    0.65065065    0.00271989
    0.69069069    0.00274637
    0.73073073    0.00277329
    0.77077077    0.00280067
    0.81081081    0.00282851
    0.85085085    0.00285683
    0.89089089    0.00288564
    0.93093093    0.00291495
    0.97097097    0.00294478
    1.01101101    0.00297514
    1.05105105    0.00300604
    1.09109109    0.00303750
    1.13113113    0.00306953
    1.17117117    0.00310215
    1.21121121    0.00313537
    1.25125125    0.00316921
    1.29129129    0.00320369
    1.33133133    0.00323883
    1.37137137    0.00327464
    1.41141141    0.00331115
    1.45145145    0.00334837
    1.49149149    0.00338633
    1.53153153    0.00342504
    1.57157157    0.00346453
    1.61161161    0.00350483
    1.65165165    0.00354595
    1.69169169    0.00358793
    1.73173173    0.00363078
    1.77177177    0.00367455
    1.81181181    0.00371925
    1.85185185    0.00376491
    1.89189189    0.00381158
    1.93193193    0.00385927
    1.97197197    0.00390803
    2.01201201    0.00395789
    2.05205205    0.00400889
    2.09209209    0.00406107
    2.13213213    0.00411446
    2.17217217    0.00416912
    2.21221221    0.00422508
    2.25225225    0.00428240
    2.29229229    0.00434112
    2.33233233    0.00440129
    2.37237237    0.00446297
    2.41241241    0.00452622
    2.45245245    0.00459110
    2.49249249    0.00465766
    2.53253253    0.00472599
    2.57257257    0.00479613
    2.61261261    0.00486818
    2.65265265    0.00494221
    2.69269269    0.00501830
    2.73273273    0.00509653
    2.77277277    0.00517700
    2.81281281    0.00525981
    2.85285285    0.00534505
    2.89289289    0.00543284
    2.93293293    0.00552328
    2.97297297    0.00561651
    3.01301301    0.00571264
    3.05305305    0.00581182
    3.09309309    0.00591419
    3.13313313    0.00601990
    3.17317317    0.00612911
    3.21321321    0.00624201
    3.25325325    0.00635876
    3.29329329    0.00647958
    3.33333333    0.00660466
    3.37337337    0.00673423
    3.41341341    0.00686852
    3.45345345    0.00700779
    3.49349349    0.00715231
    3.53353353    0.00730236
    3.57357357    0.00745825
    3.61361361    0.00762031
    3.65365365    0.00778887
    3.69369369    0.00796431
    3.73373373    0.00814702
    3.77377377    0.00833742
    3.81381381    0.00853596
    3.85385385    0.00874311
    3.89389389    0.00895935
    3.93393393    0.00918524
    3.97397397    0.00942131
    4.01401401    0.00966816
    4.05405405    0.00992638
    4.09409409    0.01019663
    4.13413413    0.01047955
    4.17417417    0.01077582
    4.21421421    0.01108612
    4.25425425    0.01141113
    4.29429429    0.01175151
    4.33433433    0.01210793
    4.37437437    0.01248097
    4.41441441    0.01287118
    4.45445445    0.01327900
    4.49449449    0.01370475
    4.53453453    0.01414859
    4.57457457    0.01461051
    4.61461461    0.01509024
    4.65465465    0.01558725
    4.69469469    0.01610070
    4.73473473    0.01662943
    4.77477477    0.01717190
    4.81481481    0.01772625
    4.85485485    0.01829026
    4.89489489    0.01886144
    4.93493493    0.01943707
    4.97497497    0.02001432
    5.01501502    0.02059037
    5.05505506    0.02116255
    5.09509510    0.02172849
    5.13513514    0.02228623
    5.17517518    0.02283441
    5.21521522    0.02337228
    5.25525526    0.02389978
    5.29529530    0.02441753
    5.33533534    0.02492670
    5.37537538    0.02542891
    5.41541542    0.02592607
    5.45545546    0.02642014
    5.49549550    0.02691292
    5.53553554    0.02740593
    5.57557558    0.02790017
    5.61561562    0.02839614
    5.65565566    0.02889376
    5.69569570    0.02939249
    5.73573574    0.02989142
    5.77577578    0.03038951
    5.81581582    0.03088575
    5.85585586    0.03137942
    5.89589590    0.03187025
    5.93593594    0.03235853
    5.97597598    0.03284516
    6.01601602    0.03333161
    6.05605606    0.03381979
    6.09609610    0.03431186
    6.13613614    0.03481004
    6.17617618    0.03531641
    6.21621622    0.03583269
    6.25625626    0.03636020
    6.29629630    0.03689975
    6.33633634    0.03745168
    6.37637638    0.03801596
    6.41641642    0.03859231
    6.45645646    0.03918031
    6.49649650    0.03977954
    6.53653654    0.04038970
    6.57657658    0.04101062
    6.61661662    0.04164228
    6.65665666    0.04228477
    6.69669670    0.04293827
    6.73673674    0.04360297
    6.77677678    0.04427912
    6.81681682    0.04496698
    6.85685686    0.04566697
    6.89689690    0.04637968
    6.93693694    0.04710604
    6.97697698    0.04784736
    7.01701702    0.04860538
    7.05705706    0.04938219
    7.09709710    0.05018017
    7.13713714    0.05100176
    7.17717718    0.05184921
    7.21721722    0.05272429
    7.25725726    0.05362800
    7.29729730    0.05456027
    7.33733734    0.05551978
    7.37737738    0.05650383
    7.41741742    0.05750829
    7.45745746    0.05852775
    7.49749750    0.05955568
    7.53753754    0.06058470
    7.57757758    0.06160691
    7.61761762    0.06261419
    7.65765766    0.06359848
    7.69769770    0.06455199
    7.73773774    0.06546734
    7.77777778    0.06633760
    7.81781782    0.06715632
    7.85785786    0.06791756
    7.89789790    0.06861586
    7.93793794    0.06924646
    7.97797798    0.06980536
    8.01801802    0.07028966
    8.05805806    0.07069778
    8.09809810    0.07102976
    8.13813814    0.07128740
    8.17817818    0.07147435
    8.21821822    0.07159608
    8.25825826    0.07165966
    8.29829830    0.07167347
    8.33833834    0.07164687
    8.37837838    0.07158982
    8.41841842    0.07151250
    8.45845846    0.07142507
    8.49849850    0.07133744
    8.53853854    0.07125917
    8.57857858    0.07119939
    8.61861862    0.07116681
    8.65865866    0.07116975
    8.69869870    0.07121611
    8.73873874    0.07131337
    8.77877878    0.07146848
    8.81881882    0.07168768
    8.85885886    0.07197628
    8.89889890    0.07233830
    8.93893894    0.07277614
    8.97897898    0.07329018
    9.01901902    0.07387841
    9.05905906    0.07453614
    9.09909910    0.07525574
    9.13913914    0.07602659
    9.17917918    0.07683509
    9.21921922    0.07766494
    9.25925926    0.07849749
    9.29929930    0.07931228
    9.33933934    0.08008781
    9.37937938    0.08080224
    9.41941942    0.08143427
    9.45945946    0.08196392
    9.49949950    0.08237334
    9.53953954    0.08264742
    9.57957958    0.08277434
    9.61961962    0.08274600
    9.65965966    0.08255823
    9.69969970    0.08221097
    9.73973974    0.08170821
    9.77977978    0.08105781
    9.81981982    0.08027119
    9.85985986    0.07936288
    9.89989990    0.07834990
    9.93993994    0.07725111
    9.97997998    0.07608643
   10.02002002    0.07487611
   10.06006006    0.07364002
   10.10010010    0.07239702
   10.14014014    0.07116447
   10.18018018    0.06995786
   10.22022022    0.06879062
   10.26026026    0.06767400
   10.30030030    0.06661714
   10.34034034    0.06562714
   10.38038038    0.06470921
   10.42042042    0.06386683
   10.46046046    0.06310190
   10.50050050    0.06241480
   10.54054054    0.06180449
   10.58058058    0.06126860
   10.62062062    0.06080344
   10.66066066    0.06040414
   10.70070070    0.06006476
   10.74074074    0.05977854
   10.78078078    0.05953817
   10.82082082    0.05933620
   10.86086086    0.05916546
   10.90090090    0.05901956
   10.94094094    0.05889333
   10.98098098    0.05878321
   11.02102102    0.05868756
   11.06106106    0.05860674
   11.10110110    0.05854314
   11.14114114    0.05850090
   11.18118118    0.05848563
   11.22122122    0.05850394
   11.26126126    0.05856294
   11.30130130    0.05866978
   11.34134134    0.05883113
   11.38138138    0.05905286
   11.42142142    0.05933970
   11.46146146    0.05969505
   11.50150150    0.06012093
   11.54154154    0.06061794
   11.58158158    0.06118541
   11.62162162    0.06182161
   11.66166166    0.06252401
   11.70170170    0.06328959
   11.74174174    0.06411522
   11.78178178    0.06499794
   11.82182182    0.06593528
   11.86186186    0.06692538
   11.90190190    0.06796707
   11.94194194    0.06905974
   11.98198198    0.07020309
   12.02202202    0.07139679
   12.06206206    0.07263995
   12.10210210    0.07393073
   12.14214214    0.07526580
   12.18218218    0.07664004
   12.22222222    0.07804627
   12.26226226    0.07947523
   12.30230230    0.08091569
   12.34234234    0.08235479
   12.38238238    0.08377851
   12.42242242    0.08517225
   12.46246246    0.08652146
   12.50250250    0.08781227
   12.54254254    0.08903198
   12.58258258    0.09016943
   12.62262262    0.09121516
   12.66266266    0.09216150
   12.70270270    0.09300232
   12.74274274    0.09373288
   12.78278278    0.09434953
   12.82282282    0.09484947
   12.86286286    0.09523061
   12.90290290    0.09549149
   12.94294294    0.09563129
   12.98298298    0.09564990
   13.02302302    0.09554795
   13.06306306    0.09532681
   13.10310310    0.09498854
   13.14314314    0.09453578
   13.18318318    0.09397169
   13.22322322    0.09329983
   13.26326326    0.09252425
   13.30330330    0.09164962
   13.34334334    0.09068149
   13.38338338    0.08962664
   13.42342342    0.08849336
   13.46346346    0.08729175
   13.50350350    0.08603380
   13.54354354    0.08473330
   13.58358358    0.08340557
   13.62362362    0.08206704
   13.66366366    0.08073466
   13.70370370    0.07942526
   13.74374374    0.07815500
   13.78378378    0.07693876
   13.82382382    0.07578979
   13.86386386    0.07471937
   13.90390390    0.07373667
   13.94394394    0.07284877
   13.98398398    0.07206076
   14.02402402    0.07137594
   14.06406406    0.07079611
   14.10410410    0.07032189
   14.14414414    0.06995301
   14.18418418    0.06968861
   14.22422422    0.06952747
   14.26426426    0.06946809
   14.30430430    0.06950872
   14.34434434    0.06964725
   14.38438438    0.06988099
   14.42442442    0.07020638
   14.46446446    0.07061861
   14.50450450    0.07111132
   14.54454454    0.07167621
   14.58458458    0.07230284
   14.62462462    0.07297852
   14.66466466    0.07368828
   14.70470470    0.07441517
   14.74474474    0.07514060
   14.78478478    0.07584497
   14.82482482    0.07650839
   14.86486486    0.07711154
   14.90490490    0.07763661
   14.94494494    0.07806808
   14.98498498    0.07839352
   15.02502503    0.07860410
   15.06506507    0.07869490
   15.10510511    0.07866492
   15.14514515    0.07851681
   15.18518519    0.07825643
   15.22522523    0.07789216
   15.26526527    0.07743414
   15.30530531    0.07689345
   15.34534535    0.07628133
   15.38538539    0.07560842
   15.42542543    0.07488414
   15.46546547    0.07411626
   15.50550551    0.07331053
   15.54554555    0.07247055
   15.58558559    0.07159783
   15.62562563    0.07069192
   15.66566567    0.06975080
   15.70570571    0.06877131
   15.74574575    0.06774960
   15.78578579    0.06668176
   15.82582583    0.06556423
   15.86586587    0.06439435
   15.90590591    0.06317072
   15.94594595    0.06189346
   15.98598599    0.06056444
   16.02602603    0.05918731
   16.06606607    0.05776748
   16.10610611    0.05631196
   16.14614615    0.05482909
   16.18618619    0.05332827
   16.22622623    0.05181952
   16.26626627    0.05031311
   16.30630631    0.04881915
   16.34634635    0.04734727
   16.38638639    0.04590633
   16.42642643    0.04450417
   16.46646647    0.04314753
   16.50650651    0.04184197
   16.54654655    0.04059189
   16.58658659    0.03940059
   16.62662663    0.03827036
   16.66666667    0.03720262
   16.70670671    0.03619801
   16.74674675    0.03525658
   16.78678679    0.03437782
   16.82682683    0.03356084
   16.86686687    0.03280445
   16.90690691    0.03210722
   16.94694695    0.03146752
   16.98698699    0.03088363
   17.02702703    0.03035369
   17.06706707    0.02987578
   17.10710711    0.02944787
   17.14714715    0.02906785
   17.18718719    0.02873346
   17.22722723    0.02844233
   17.26726727    0.02819188
   17.30730731    0.02797929
   17.34734735    0.02780152
   17.38738739    0.02765519
   17.42742743    0.02753665
   17.46746747    0.02744191
   17.50750751    0.02736671
   17.54754755    0.02730658
   17.58758759    0.02725693
   17.62762763    0.02721320
   17.66766767    0.02717100
   17.70770771    0.02712636
   17.74774775    0.02707589
   17.78778779    0.02701700
   17.82782783    0.02694803
   17.86786787    0.02686835
   17.90790791    0.02677843
   17.94794795    0.02667975
   17.98798799    0.02657471
   18.02802803    0.02646651
   18.06806807    0.02635889
   18.10810811    0.02625597
   18.14814815    0.02616203
   18.18818819    0.02608137
   18.22822823    0.02601814
   18.26826827    0.02597623
   18.30830831    0.02595927
   18.34834835    0.02597053
   18.38838839    0.02601294
   18.42842843    0.02608913
   18.46846847    0.02620141
   18.50850851    0.02635184
   18.54854855    0.02654224
   18.58858859    0.02677423
   18.62862863    0.02704921
   18.66866867    0.02736843
   18.70870871    0.02773292
   18.74874875    0.02814354
   18.78878879    0.02860089
   18.82882883    0.02910528
   18.86886887    0.02965667
   18.90890891    0.03025462
   18.94894895    0.03089813
   18.98898899    0.03158561
   19.02902903    0.03231475
   19.06906907    0.03308239
   19.10910911    0.03388449
   19.14914915    0.03471605
   19.18918919    0.03557109
   19.22922923    0.03644273
   19.26926927    0.03732331
   19.30930931    0.03820460
   19.34934935    0.03907816
   19.38938939    0.03993567
   19.42942943    0.04076948
   19.46946947    0.04157302
   19.50950951    0.04234125
   19.54954955    0.04307111
   19.58958959    0.04376163
   19.62962963    0.04441409
   19.66966967    0.04503181
   19.70970971    0.04561983
   19.74974975    0.04618444
   19.78978979    0.04673258
   19.82982983    0.04727122
   19.86986987    0.04780671
   19.90990991    0.04834422
   19.94994995    0.04888731
   19.98998999    0.04943761
   20.03003003    0.04999466
   20.07007007    0.05055588
   20.11011011    0.05111677
   20.15015015    0.05167121
   20.19019019    0.05221186
   20.23023023    0.05273075
   20.27027027    0.05321985
   20.31031031    0.05367168
   20.35035035    0.05407984
   20.39039039    0.05443949
   20.43043043    0.05474766
   20.47047047    0.05500337
   20.51051051    0.05520764
   20.55055055    0.05536335
   20.59059059    0.05547491
   20.63063063    0.05554800
   20.67067067    0.05558910
   20.71071071    0.05560513
   20.75075075    0.05560305
   20.79079079    0.05558946
   20.83083083    0.05557029
   20.87087087    0.05555052
   20.91091091    0.05553393
   20.95095095    0.05552303
   20.99099099    0.05551898
   21.03103103    0.05552169
   21.07107107    0.05552999
   21.11111111    0.05554192
   21.15115115    0.05555496
   21.19119119    0.05556647
   21.23123123    0.05557395
   21.27127127    0.05557537
   21.31131131    0.05556944
   21.35135135    0.05555574
   21.39139139    0.05553480
   21.43143143    0.05550814
   21.47147147    0.05547814
   21.51151151    0.05544788
   21.55155155    0.05542095
   21.59159159    0.05540120
   21.63163163    0.05539244
   21.67167167    0.05539823
   21.71171171    0.05542165
   21.75175175    0.05546514
   21.79179179    0.05553046
   21.83183183    0.05561863
   21.87187187    0.05573002
   21.91191191    0.05586446
   21.95195195    0.05602133
   21.99199199    0.05619973
   22.03203203    0.05639849
   22.07207207    0.05661620
   22.11211211    0.05685119
   22.15215215    0.05710137
   22.19219219    0.05736412
   22.23223223    0.05763622
   22.27227227    0.05791377
   22.31231231    0.05819226
   22.35235235    0.05846672
   22.39239239    0.05873200
   22.43243243    0.05898316
   22.47247247    0.05921590
   22.51251251    0.05942696
   22.55255255    0.05961456
   22.59259259    0.05977861
   22.63263263    0.05992091
   22.67267267    0.06004507
   22.71271271    0.06015630
   22.75275275    0.06026104
   22.79279279    0.06036645
   22.83283283    0.06047982
   22.87287287    0.06060796
   22.91291291    0.06075651
   22.95295295    0.06092942
   22.99299299    0.06112845
   23.03303303    0.06135287
   23.07307307    0.06159920
   23.11311311    0.06186128
   23.15315315    0.06213045
   23.19319319    0.06239586
   23.23323323    0.06264510
   23.27327327    0.06286484
   23.31331331    0.06304158
   23.35335335    0.06316249
   23.39339339    0.06321616
   23.43343343    0.06319322
   23.47347347    0.06308686
   23.51351351    0.06289310
   23.55355355    0.06261085
   23.59359359    0.06224176
   23.63363363    0.06178987
   23.67367367    0.06126116
   23.71371371    0.06066293
   23.75375375    0.06000324
   23.79379379    0.05929033
   23.83383383    0.05853205
   23.87387387    0.05773555
   23.91391391    0.05690701
   23.95395395    0.05605154
   23.99399399    0.05517331
   24.03403403    0.05427571
   24.07407407    0.05336169
   24.11411411    0.05243406
   24.15415415    0.05149585
   24.19419419    0.05055057
   24.23423423    0.04960241
   24.27427427    0.04865627
   24.31431431    0.04771775
   24.35435435    0.04679293
   24.39439439    0.04588815
   24.43443443    0.04500967
   24.47447447    0.04416340
   24.51451451    0.04335450
   24.55455455    0.04258718
   24.59459459    0.04186439
   24.63463463    0.04118773
   24.67467467    0.04055731
   24.71471471    0.03997173
   24.75475475    0.03942811
   24.79479479    0.03892224
   24.83483483    0.03844873
   24.87487487    0.03800129
   24.91491491    0.03757303
   24.95495495    0.03715682
   24.99499499    0.03674575
   25.03503504    0.03633348
   25.07507508    0.03591468
   25.11511512    0.03548534
   25.15515516    0.03504302
   25.19519520    0.03458695
   25.23523524    0.03411808
   25.27527528    0.03363891
   25.31531532    0.03315328
   25.35535536    0.03266611
   25.39539540    0.03218298
   25.43543544    0.03170987
   25.47547548    0.03125277
   25.51551552    0.03081742
   25.55555556    0.03040906
   25.59559560    0.03003226
   25.63563564    0.02969081
   25.67567568    0.02938758
   25.71571572    0.02912452
   25.75575576    0.02890262
   25.79579580    0.02872189
   25.83583584    0.02858136
   25.87587588    0.02847909
   25.91591592    0.02841215
   25.95595596    0.02837666
   25.99599600    0.02836781
   26.03603604    0.02837987
   26.07607608    0.02840629
   26.11611612    0.02843981
   26.15615616    0.02847262
   26.19619620    0.02849657
   26.23623624    0.02850348
   26.27627628    0.02848539
   26.31631632    0.02843501
   26.35635636    0.02834600
   26.39639640    0.02821330
   26.43643644    0.02803340
   26.47647648    0.02780450
   26.51651652    0.02752656
   26.55655656    0.02720119
   26.59659660    0.02683155
   26.63663664    0.02642202
   26.67667668    0.02597795
   26.71671672    0.02550528
   26.75675676    0.02501027
   26.79679680    0.02449920
   26.83683684    0.02397818
   26.87687688    0.02345296
   26.91691692    0.02292884
   26.95695696    0.02241063
   26.99699700    0.02190263
   27.03703704    0.02140864
   27.07707708    0.02093201
   27.11711712    0.02047561
   27.15715716    0.02004194
   27.19719720    0.01963308
   27.23723724    0.01925078
   27.27727728    0.01889645
   27.31731732    0.01857117
   27.35735736    0.01827574
   27.39739740    0.01801069
   27.43743744    0.01777627
   27.47747748    0.01757248
   27.51751752    0.01739908
   27.55755756    0.01725555
   27.59759760    0.01714113
   27.63763764    0.01705476
   27.67767768    0.01699505
   27.71771772    0.01696029
   27.75775776    0.01694837
   27.79779780    0.01695673
   27.83783784    0.01698241
   27.87787788    0.01702193
   27.91791792    0.01707137
   27.95795796    0.01712637
   27.99799800    0.01718219
   28.03803804    0.01723386
   28.07807808    0.01727631
   28.11811812    0.01730457
   28.15815816    0.01731400
   28.19819820    0.01730056
   28.23823824    0.01726100
   28.27827828    0.01719307
   28.31831832    0.01709569
   28.35835836    0.01696895
   28.39839840    0.01681413
   28.43843844    0.01663359
   28.47847848    0.01643055
   28.51851852    0.01620891
   28.55855856    0.01597295
   28.59859860    0.01572714
   28.63863864    0.01547586
   28.67867868    0.01522325
   28.71871872    0.01497303
   28.75875876    0.01472842
   28.79879880    0.01449209
   28.83883884    0.01426612
   28.87887888    0.01405200
   28.91891892    0.01385070
   28.95895896    0.01366267
   28.99899900    0.01348793
   29.03903904    0.01332613
   29.07907908    0.01317663
   29.11911912    0.01303857
   29.15915916    0.01291094
   29.19919920    0.01279268
   29.23923924    0.01268271
   29.27927928    0.01258000
   29.31931932    0.01248361
   29.35935936    0.01239271
   29.39939940    0.01230655
   29.43943944    0.01222454
   29.47947948    0.01214616
   29.51951952    0.01207098
   29.55955956    0.01199866
   29.59959960    0.01192890
   29.63963964    0.01186150
   29.67967968    0.01179628
   29.71971972    0.01173312
   29.75975976    0.01167193
   29.79979980    0.01161265
   29.83983984    0.01155521
   29.87987988    0.01149950
   29.91991992    0.01144537
   29.95995996    0.01139259
   30.00000000    0.01134083
