# Final state angular momentum:   1
# Broadening parameter (in eV):    1.500
# Absorbing atom type (xiabs):   1
# Energy (eV)   sigma_tot   sigma_up    sigma_down 
  -10.00000000    0.00002392    0.00001205    0.00001187
   -9.89966555    0.00002410    0.00001214    0.00001196
   -9.79933110    0.00002428    0.00001223    0.00001205
   -9.69899666    0.00002447    0.00001232    0.00001215
   -9.59866221    0.00002465    0.00001241    0.00001224
   -9.49832776    0.00002484    0.00001251    0.00001233
   -9.39799331    0.00002504    0.00001261    0.00001243
   -9.29765886    0.00002523    0.00001270    0.00001253
   -9.19732441    0.00002543    0.00001280    0.00001263
   -9.09698997    0.00002563    0.00001290    0.00001273
   -8.99665552    0.00002584    0.00001301    0.00001283
   -8.89632107    0.00002604    0.00001311    0.00001293
   -8.79598662    0.00002625    0.00001321    0.00001304
   -8.69565217    0.00002647    0.00001332    0.00001315
   -8.59531773    0.00002668    0.00001343    0.00001325
   -8.49498328    0.00002690    0.00001354    0.00001336
   -8.39464883    0.00002712    0.00001365    0.00001347
   -8.29431438    0.00002735    0.00001376    0.00001359
   -8.19397993    0.00002758    0.00001388    0.00001370
   -8.09364548    0.00002781    0.00001399    0.00001382
   -7.99331104    0.00002805    0.00001411    0.00001394
   -7.89297659    0.00002829    0.00001423    0.00001406
   -7.79264214    0.00002853    0.00001435    0.00001418
   -7.69230769    0.00002878    0.00001447    0.00001431
   -7.59197324    0.00002903    0.00001460    0.00001443
   -7.49163880    0.00002929    0.00001473    0.00001456
   -7.39130435    0.00002955    0.00001485    0.00001469
   -7.29096990    0.00002981    0.00001498    0.00001482
   -7.19063545    0.00003008    0.00001512    0.00001496
   -7.09030100    0.00003035    0.00001525    0.00001510
   -6.98996656    0.00003063    0.00001539    0.00001524
   -6.88963211    0.00003091    0.00001553    0.00001538
   -6.78929766    0.00003119    0.00001567    0.00001552
   -6.68896321    0.00003149    0.00001582    0.00001567
   -6.58862876    0.00003178    0.00001596    0.00001582
   -6.48829431    0.00003208    0.00001611    0.00001597
   -6.38795987    0.00003239    0.00001626    0.00001613
   -6.28762542    0.00003270    0.00001642    0.00001629
   -6.18729097    0.00003302    0.00001657    0.00001645
   -6.08695652    0.00003334    0.00001673    0.00001661
   -5.98662207    0.00003367    0.00001689    0.00001678
   -5.88628763    0.00003401    0.00001706    0.00001695
   -5.78595318    0.00003435    0.00001723    0.00001712
   -5.68561873    0.00003470    0.00001740    0.00001730
   -5.58528428    0.00003505    0.00001757    0.00001748
   -5.48494983    0.00003541    0.00001775    0.00001767
   -5.38461538    0.00003578    0.00001793    0.00001786
   -5.28428094    0.00003616    0.00001811    0.00001805
   -5.18394649    0.00003654    0.00001830    0.00001825
   -5.08361204    0.00003693    0.00001849    0.00001845
   -4.98327759    0.00003733    0.00001868    0.00001865
   -4.88294314    0.00003774    0.00001888    0.00001886
   -4.78260870    0.00003816    0.00001908    0.00001908
   -4.68227425    0.00003858    0.00001928    0.00001930
   -4.58193980    0.00003901    0.00001949    0.00001952
   -4.48160535    0.00003946    0.00001971    0.00001975
   -4.38127090    0.00003991    0.00001992    0.00001998
   -4.28093645    0.00004037    0.00002015    0.00002023
   -4.18060201    0.00004085    0.00002037    0.00002047
   -4.08026756    0.00004133    0.00002060    0.00002072
   -3.97993311    0.00004183    0.00002084    0.00002098
   -3.87959866    0.00004233    0.00002108    0.00002125
   -3.77926421    0.00004285    0.00002133    0.00002152
   -3.67892977    0.00004338    0.00002158    0.00002180
   -3.57859532    0.00004393    0.00002184    0.00002209
   -3.47826087    0.00004449    0.00002210    0.00002239
   -3.37792642    0.00004506    0.00002237    0.00002269
   -3.27759197    0.00004565    0.00002264    0.00002301
   -3.17725753    0.00004625    0.00002292    0.00002333
   -3.07692308    0.00004688    0.00002321    0.00002367
   -2.97658863    0.00004751    0.00002350    0.00002401
   -2.87625418    0.00004817    0.00002380    0.00002437
   -2.77591973    0.00004884    0.00002411    0.00002473
   -2.67558528    0.00004954    0.00002443    0.00002511
   -2.57525084    0.00005025    0.00002475    0.00002550
   -2.47491639    0.00005099    0.00002508    0.00002591
   -2.37458194    0.00005175    0.00002542    0.00002633
   -2.27424749    0.00005253    0.00002577    0.00002677
   -2.17391304    0.00005334    0.00002612    0.00002722
   -2.07357860    0.00005418    0.00002649    0.00002769
   -1.97324415    0.00005505    0.00002686    0.00002818
   -1.87290970    0.00005594    0.00002725    0.00002870
   -1.77257525    0.00005687    0.00002764    0.00002923
   -1.67224080    0.00005783    0.00002805    0.00002978
   -1.57190635    0.00005883    0.00002847    0.00003036
   -1.47157191    0.00005987    0.00002890    0.00003097
   -1.37123746    0.00006094    0.00002934    0.00003160
   -1.27090301    0.00006206    0.00002980    0.00003226
   -1.17056856    0.00006322    0.00003026    0.00003295
   -1.07023411    0.00006442    0.00003075    0.00003368
   -0.96989967    0.00006567    0.00003124    0.00003443
   -0.86956522    0.00006697    0.00003175    0.00003522
   -0.76923077    0.00006832    0.00003228    0.00003604
   -0.66889632    0.00006972    0.00003283    0.00003689
   -0.56856187    0.00007117    0.00003339    0.00003778
   -0.46822742    0.00007266    0.00003397    0.00003869
   -0.36789298    0.00007419    0.00003457    0.00003962
   -0.26755853    0.00007576    0.00003519    0.00004057
   -0.16722408    0.00007737    0.00003583    0.00004154
   -0.06688963    0.00007900    0.00003649    0.00004251
    0.03344482    0.00008066    0.00003718    0.00004348
    0.13377926    0.00008234    0.00003790    0.00004444
    0.23411371    0.00008402    0.00003864    0.00004538
    0.33444816    0.00008570    0.00003941    0.00004630
    0.43478261    0.00008739    0.00004020    0.00004719
    0.53511706    0.00008908    0.00004103    0.00004805
    0.63545151    0.00009077    0.00004190    0.00004887
    0.73578595    0.00009246    0.00004279    0.00004967
    0.83612040    0.00009417    0.00004373    0.00005044
    0.93645485    0.00009589    0.00004470    0.00005119
    1.03678930    0.00009765    0.00004572    0.00005193
    1.13712375    0.00009944    0.00004678    0.00005266
    1.23745819    0.00010129    0.00004789    0.00005340
    1.33779264    0.00010321    0.00004905    0.00005416
    1.43812709    0.00010522    0.00005027    0.00005495
    1.53846154    0.00010732    0.00005154    0.00005578
    1.63879599    0.00010954    0.00005288    0.00005666
    1.73913043    0.00011189    0.00005429    0.00005761
    1.83946488    0.00011439    0.00005576    0.00005862
    1.93979933    0.00011704    0.00005732    0.00005973
    2.04013378    0.00011987    0.00005896    0.00006092
    2.14046823    0.00012289    0.00006069    0.00006221
    2.24080268    0.00012612    0.00006251    0.00006361
    2.34113712    0.00012956    0.00006444    0.00006512
    2.44147157    0.00013323    0.00006649    0.00006675
    2.54180602    0.00013716    0.00006865    0.00006851
    2.64214047    0.00014136    0.00007095    0.00007041
    2.74247492    0.00014585    0.00007339    0.00007246
    2.84280936    0.00015064    0.00007598    0.00007466
    2.94314381    0.00015577    0.00007874    0.00007703
    3.04347826    0.00016125    0.00008168    0.00007957
    3.14381271    0.00016711    0.00008481    0.00008231
    3.24414716    0.00017338    0.00008814    0.00008524
    3.34448161    0.00018008    0.00009169    0.00008839
    3.44481605    0.00018725    0.00009548    0.00009177
    3.54515050    0.00019489    0.00009951    0.00009538
    3.64548495    0.00020305    0.00010380    0.00009925
    3.74581940    0.00021174    0.00010835    0.00010339
    3.84615385    0.00022097    0.00011318    0.00010779
    3.94648829    0.00023075    0.00011828    0.00011248
    4.04682274    0.00024109    0.00012365    0.00011744
    4.14715719    0.00025197    0.00012928    0.00012269
    4.24749164    0.00026335    0.00013515    0.00012821
    4.34782609    0.00027522    0.00014123    0.00013398
    4.44816054    0.00028750    0.00014751    0.00013999
    4.54849498    0.00030015    0.00015393    0.00014622
    4.64882943    0.00031309    0.00016047    0.00015263
    4.74916388    0.00032626    0.00016707    0.00015919
    4.84949833    0.00033961    0.00017372    0.00016589
    4.94983278    0.00035311    0.00018040    0.00017271
    5.05016722    0.00036674    0.00018709    0.00017965
    5.15050167    0.00038052    0.00019381    0.00018671
    5.25083612    0.00039448    0.00020058    0.00019390
    5.35117057    0.00040868    0.00020743    0.00020125
    5.45150502    0.00042316    0.00021440    0.00020877
    5.55183946    0.00043794    0.00022149    0.00021645
    5.65217391    0.00045300    0.00022872    0.00022428
    5.75250836    0.00046826    0.00023607    0.00023220
    5.85284281    0.00048358    0.00024347    0.00024012
    5.95317726    0.00049874    0.00025083    0.00024791
    6.05351171    0.00051345    0.00025805    0.00025540
    6.15384615    0.00052736    0.00026497    0.00026239
    6.25418060    0.00054010    0.00027142    0.00026867
    6.35451505    0.00055128    0.00027726    0.00027402
    6.45484950    0.00056055    0.00028231    0.00027824
    6.55518395    0.00056761    0.00028645    0.00028116
    6.65551839    0.00057225    0.00028958    0.00028267
    6.75585284    0.00057434    0.00029162    0.00028272
    6.85618729    0.00057388    0.00029253    0.00028134
    6.95652174    0.00057094    0.00029231    0.00027862
    7.05685619    0.00056570    0.00029099    0.00027471
    7.15719064    0.00055843    0.00028863    0.00026980
    7.25752508    0.00054944    0.00028531    0.00026413
    7.35785953    0.00053909    0.00028117    0.00025792
    7.45819398    0.00052776    0.00027634    0.00025142
    7.55852843    0.00051584    0.00027100    0.00024484
    7.65886288    0.00050370    0.00026533    0.00023837
    7.75919732    0.00049167    0.00025951    0.00023216
    7.85953177    0.00048005    0.00025372    0.00022633
    7.95986622    0.00046910    0.00024811    0.00022099
    8.06020067    0.00045901    0.00024282    0.00021619
    8.16053512    0.00044994    0.00023795    0.00021199
    8.26086957    0.00044201    0.00023360    0.00020841
    8.36120401    0.00043529    0.00022982    0.00020547
    8.46153846    0.00042983    0.00022667    0.00020316
    8.56187291    0.00042567    0.00022417    0.00020150
    8.66220736    0.00042281    0.00022234    0.00020047
    8.76254181    0.00042125    0.00022119    0.00020006
    8.86287625    0.00042099    0.00022073    0.00020026
    8.96321070    0.00042203    0.00022095    0.00020108
    9.06354515    0.00042435    0.00022186    0.00020250
    9.16387960    0.00042795    0.00022344    0.00020450
    9.26421405    0.00043281    0.00022571    0.00020710
    9.36454849    0.00043893    0.00022865    0.00021028
    9.46488294    0.00044630    0.00023226    0.00021403
    9.56521739    0.00045491    0.00023655    0.00021836
    9.66555184    0.00046477    0.00024151    0.00022326
    9.76588629    0.00047585    0.00024714    0.00022871
    9.86622074    0.00048817    0.00025344    0.00023473
    9.96655518    0.00050171    0.00026042    0.00024130
   10.06688963    0.00051649    0.00026807    0.00024842
   10.16722408    0.00053251    0.00027641    0.00025610
   10.26755853    0.00054981    0.00028545    0.00026436
   10.36789298    0.00056843    0.00029522    0.00027321
   10.46822742    0.00058847    0.00030575    0.00028272
   10.56856187    0.00061001    0.00031710    0.00029292
   10.66889632    0.00063321    0.00032932    0.00030388
   10.76923077    0.00065821    0.00034251    0.00031570
   10.86956522    0.00068519    0.00035674    0.00032845
   10.96989967    0.00071436    0.00037211    0.00034225
   11.07023411    0.00074591    0.00038872    0.00035718
   11.17056856    0.00078002    0.00040667    0.00037335
   11.27090301    0.00081687    0.00042603    0.00039084
   11.37123746    0.00085663    0.00044689    0.00040975
   11.47157191    0.00089942    0.00046929    0.00043013
   11.57190635    0.00094533    0.00049328    0.00045204
   11.67224080    0.00099441    0.00051888    0.00047553
   11.77257525    0.00104667    0.00054607    0.00050060
   11.87290970    0.00110207    0.00057482    0.00052725
   11.97324415    0.00116052    0.00060506    0.00055546
   12.07357860    0.00122183    0.00063669    0.00058514
   12.17391304    0.00128575    0.00066957    0.00061618
   12.27424749    0.00135191    0.00070349    0.00064842
   12.37458194    0.00141982    0.00073819    0.00068162
   12.47491639    0.00148879    0.00077332    0.00071547
   12.57525084    0.00155797    0.00080843    0.00074954
   12.67558528    0.00162631    0.00084297    0.00078334
   12.77591973    0.00169257    0.00087631    0.00081626
   12.87625418    0.00175540    0.00090776    0.00084764
   12.97658863    0.00181338    0.00093660    0.00087678
   13.07692308    0.00186512    0.00096215    0.00090297
   13.17725753    0.00190938    0.00098379    0.00092560
   13.27759197    0.00194512    0.00100103    0.00094409
   13.37792642    0.00197155    0.00101351    0.00095805
   13.47826087    0.00198819    0.00102101    0.00096718
   13.57859532    0.00199482    0.00102348    0.00097134
   13.67892977    0.00199146    0.00102093    0.00097053
   13.77926421    0.00197840    0.00101353    0.00096486
   13.87959866    0.00195611    0.00100153    0.00095458
   13.97993311    0.00192533    0.00098528    0.00094005
   14.08026756    0.00188699    0.00096526    0.00092174
   14.18060201    0.00184227    0.00094203    0.00090024
   14.28093645    0.00179251    0.00091627    0.00087624
   14.38127090    0.00173916    0.00088870    0.00085046
   14.48160535    0.00168373    0.00086008    0.00082365
   14.58193980    0.00162766    0.00083112    0.00079654
   14.68227425    0.00157230    0.00080249    0.00076981
   14.78260870    0.00151878    0.00077477    0.00074401
   14.88294314    0.00146805    0.00074842    0.00071963
   14.98327759    0.00142082    0.00072378    0.00069703
   15.08361204    0.00137758    0.00070111    0.00067647
   15.18394649    0.00133866    0.00068055    0.00065811
   15.28428094    0.00130418    0.00066215    0.00064203
   15.38461538    0.00127418    0.00064593    0.00062825
   15.48494983    0.00124856    0.00063185    0.00061671
   15.58528428    0.00122718    0.00061984    0.00060734
   15.68561873    0.00120982    0.00060980    0.00060002
   15.78595318    0.00119626    0.00060163    0.00059463
   15.88628763    0.00118622    0.00059523    0.00059100
   15.98662207    0.00117942    0.00059045    0.00058897
   16.08695652    0.00117550    0.00058714    0.00058835
   16.18729097    0.00117405    0.00058512    0.00058894
   16.28762542    0.00117458    0.00058412    0.00059046
   16.38795987    0.00117648    0.00058387    0.00059261
   16.48829431    0.00117907    0.00058402    0.00059505
   16.58862876    0.00118155    0.00058419    0.00059736
   16.68896321    0.00118309    0.00058398    0.00059911
   16.78929766    0.00118285    0.00058298    0.00059988
   16.88963211    0.00118006    0.00058082    0.00059924
   16.98996656    0.00117408    0.00057722    0.00059686
   17.09030100    0.00116451    0.00057198    0.00059253
   17.19063545    0.00115118    0.00056502    0.00058615
   17.29096990    0.00113421    0.00055642    0.00057779
   17.39130435    0.00111399    0.00054636    0.00056764
   17.49163880    0.00109113    0.00053512    0.00055602
   17.59197324    0.00106637    0.00052305    0.00054332
   17.69230769    0.00104053    0.00051054    0.00052999
   17.79264214    0.00101444    0.00049799    0.00051646
   17.89297659    0.00098887    0.00048574    0.00050313
   17.99331104    0.00096451    0.00047413    0.00049038
   18.09364548    0.00094193    0.00046342    0.00047851
   18.19397993    0.00092160    0.00045383    0.00046777
   18.29431438    0.00090389    0.00044555    0.00045835
   18.39464883    0.00088908    0.00043869    0.00045039
   18.49498328    0.00087739    0.00043336    0.00044402
   18.59531773    0.00086895    0.00042964    0.00043931
   18.69565217    0.00086389    0.00042758    0.00043632
   18.79598662    0.00086229    0.00042721    0.00043508
   18.89632107    0.00086421    0.00042858    0.00043563
   18.99665552    0.00086970    0.00043171    0.00043799
   19.09698997    0.00087878    0.00043661    0.00044217
   19.19732441    0.00089147    0.00044329    0.00044818
   19.29765886    0.00090775    0.00045175    0.00045601
   19.39799331    0.00092759    0.00046197    0.00046562
   19.49832776    0.00095088    0.00047390    0.00047698
   19.59866221    0.00097747    0.00048748    0.00048999
   19.69899666    0.00100710    0.00050258    0.00050452
   19.79933110    0.00103942    0.00051902    0.00052040
   19.89966555    0.00107394    0.00053656    0.00053737
   20.00000000    0.00111001    0.00055490    0.00055512
