# Final state angular momentum:   1
# Broadening parameter (in eV):    0.800
# Absorbing atom type (xiabs):   1
# Energy (eV)   sigma
  -10.00000000    0.00004166
   -9.88988989    0.00004207
   -9.77977978    0.00004249
   -9.66966967    0.00004291
   -9.55955956    0.00004335
   -9.44944945    0.00004379
   -9.33933934    0.00004424
   -9.22922923    0.00004470
   -9.11911912    0.00004517
   -9.00900901    0.00004564
   -8.89889890    0.00004613
   -8.78878879    0.00004663
   -8.67867868    0.00004713
   -8.56856857    0.00004765
   -8.45845846    0.00004818
   -8.34834835    0.00004872
   -8.23823824    0.00004927
   -8.12812813    0.00004983
   -8.01801802    0.00005040
   -7.90790791    0.00005099
   -7.79779780    0.00005159
   -7.68768769    0.00005221
   -7.57757758    0.00005284
   -7.46746747    0.00005348
   -7.35735736    0.00005414
   -7.24724725    0.00005482
   -7.13713714    0.00005551
   -7.02702703    0.00005622
   -6.91691692    0.00005695
   -6.80680681    0.00005770
   -6.69669670    0.00005847
   -6.58658659    0.00005926
   -6.47647648    0.00006007
   -6.36636637    0.00006091
   -6.25625626    0.00006177
   -6.14614615    0.00006265
   -6.03603604    0.00006357
   -5.92592593    0.00006451
   -5.81581582    0.00006548
   -5.70570571    0.00006648
   -5.59559560    0.00006752
   -5.48548549    0.00006859
   -5.37537538    0.00006970
   -5.26526527    0.00007085
   -5.15515516    0.00007204
   -5.04504505    0.00007328
   -4.93493493    0.00007456
   -4.82482482    0.00007589
   -4.71471471    0.00007728
   -4.60460460    0.00007873
   -4.49449449    0.00008024
   -4.38438438    0.00008182
   -4.27427427    0.00008347
   -4.16416416    0.00008520
   -4.05405405    0.00008702
   -3.94394394    0.00008892
   -3.83383383    0.00009093
   -3.72372372    0.00009304
   -3.61361361    0.00009527
   -3.50350350    0.00009763
   -3.39339339    0.00010014
   -3.28328328    0.00010280
   -3.17317317    0.00010563
   -3.06306306    0.00010865
   -2.95295295    0.00011188
   -2.84284284    0.00011534
   -2.73273273    0.00011907
   -2.62262262    0.00012308
   -2.51251251    0.00012743
   -2.40240240    0.00013215
   -2.29229229    0.00013729
   -2.18218218    0.00014291
   -2.07207207    0.00014908
   -1.96196196    0.00015588
   -1.85185185    0.00016340
   -1.74174174    0.00017176
   -1.63163163    0.00018109
   -1.52152152    0.00019157
   -1.41141141    0.00020339
   -1.30130130    0.00021678
   -1.19119119    0.00023205
   -1.08108108    0.00024952
   -0.97097097    0.00026961
   -0.86086086    0.00029278
   -0.75075075    0.00031956
   -0.64064064    0.00035051
   -0.53053053    0.00038613
   -0.42042042    0.00042681
   -0.31031031    0.00047260
   -0.20020020    0.00052307
   -0.09009009    0.00057701
    0.02002002    0.00063315
    0.13013013    0.00068816
    0.24024024    0.00074018
    0.35035035    0.00078647
    0.46046046    0.00082501
    0.57057057    0.00085448
    0.68068068    0.00087416
    0.79079079    0.00088372
    0.90090090    0.00088306
    1.01101101    0.00087238
    1.12112112    0.00085230
    1.23123123    0.00082387
    1.34134134    0.00078851
    1.45145145    0.00074787
    1.56156156    0.00070363
    1.67167167    0.00065736
    1.78178178    0.00061056
    1.89189189    0.00056462
    2.00200200    0.00052077
    2.11211211    0.00048006
    2.22222222    0.00044322
    2.33233233    0.00041063
    2.44244244    0.00038231
    2.55255255    0.00035806
    2.66266266    0.00033749
    2.77277277    0.00032018
    2.88288288    0.00030569
    2.99299299    0.00029362
    3.10310310    0.00028363
    3.21321321    0.00027542
    3.32332332    0.00026873
    3.43343343    0.00026335
    3.54354354    0.00025912
    3.65365365    0.00025589
    3.76376376    0.00025353
    3.87387387    0.00025197
    3.98398398    0.00025110
    4.09409409    0.00025088
    4.20420420    0.00025124
    4.31431431    0.00025214
    4.42442442    0.00025354
    4.53453453    0.00025542
    4.64464464    0.00025775
    4.75475475    0.00026052
    4.86486486    0.00026371
    4.97497497    0.00026731
    5.08508509    0.00027133
    5.19519520    0.00027575
    5.30530531    0.00028059
    5.41541542    0.00028584
    5.52552553    0.00029152
    5.63563564    0.00029763
    5.74574575    0.00030419
    5.85585586    0.00031122
    5.96596597    0.00031874
    6.07607608    0.00032678
    6.18618619    0.00033535
    6.29629630    0.00034449
    6.40640641    0.00035424
    6.51651652    0.00036464
    6.62662663    0.00037573
    6.73673674    0.00038757
    6.84684685    0.00040021
    6.95695696    0.00041372
    7.06706707    0.00042817
    7.17717718    0.00044365
    7.28728729    0.00046025
    7.39739740    0.00047809
    7.50750751    0.00049728
    7.61761762    0.00051797
    7.72772773    0.00054032
    7.83783784    0.00056452
    7.94794795    0.00059079
    8.05805806    0.00061938
    8.16816817    0.00065058
    8.27827828    0.00068473
    8.38838839    0.00072222
    8.49849850    0.00076349
    8.60860861    0.00080902
    8.71871872    0.00085935
    8.82882883    0.00091502
    8.93893894    0.00097654
    9.04904905    0.00104437
    9.15915916    0.00111890
    9.26926927    0.00120050
    9.37937938    0.00128973
    9.48948949    0.00138751
    9.59959960    0.00149516
    9.70970971    0.00161416
    9.81981982    0.00174598
    9.92992993    0.00189203
   10.04004004    0.00205416
   10.15015015    0.00223537
   10.26026026    0.00244018
   10.37037037    0.00267437
   10.48048048    0.00294400
   10.59059059    0.00325404
   10.70070070    0.00360696
   10.81081081    0.00400133
   10.92092092    0.00443035
   11.03103103    0.00488077
   11.14114114    0.00533244
   11.25125125    0.00575971
   11.36136136    0.00613627
   11.47147147    0.00644285
   11.58158158    0.00667464
   11.69169169    0.00684307
   11.80180180    0.00697021
   11.91191191    0.00707948
   12.02202202    0.00718779
   12.13213213    0.00730195
   12.24224224    0.00741887
   12.35235235    0.00752812
   12.46246246    0.00761551
   12.57257257    0.00766713
   12.68268268    0.00767387
   12.79279279    0.00763473
   12.90290290    0.00755691
   13.01301301    0.00745241
   13.12312312    0.00733359
   13.23323323    0.00721069
   13.34334334    0.00709198
   13.45345345    0.00698453
   13.56356356    0.00689361
   13.67367367    0.00682105
   13.78378378    0.00676368
   13.89389389    0.00671272
   14.00400400    0.00665460
   14.11411411    0.00657397
   14.22422422    0.00645819
   14.33433433    0.00630117
   14.44444444    0.00610418
   14.55455455    0.00587373
   14.66466466    0.00561884
   14.77477477    0.00534993
   14.88488488    0.00507862
   14.99499499    0.00481718
   15.10510511    0.00457680
   15.21521522    0.00436596
   15.32532533    0.00418993
   15.43543544    0.00405123
   15.54554555    0.00395043
   15.65565566    0.00388647
   15.76576577    0.00385690
   15.87587588    0.00385824
   15.98598599    0.00388678
   16.09609610    0.00393934
   16.20620621    0.00401350
   16.31631632    0.00410718
   16.42642643    0.00421837
   16.53653654    0.00434529
   16.64664665    0.00448658
   16.75675676    0.00464025
   16.86686687    0.00480166
   16.97697698    0.00496199
   17.08708709    0.00510892
   17.19719720    0.00522917
   17.30730731    0.00531129
   17.41741742    0.00534797
   17.52752753    0.00533775
   17.63763764    0.00528601
   17.74774775    0.00520412
   17.85785786    0.00510643
   17.96796797    0.00500606
   18.07807808    0.00491164
   18.18818819    0.00482643
   18.29829830    0.00474958
   18.40840841    0.00467905
   18.51851852    0.00461449
   18.62862863    0.00455858
   18.73873874    0.00451603
   18.84884885    0.00449126
   18.95895896    0.00448612
   19.06906907    0.00449904
   19.17917918    0.00452581
   19.28928929    0.00456104
   19.39939940    0.00459899
   19.50950951    0.00463305
   19.61961962    0.00465520
   19.72972973    0.00465676
   19.83983984    0.00463053
   19.94994995    0.00457355
   20.06006006    0.00448895
   20.17017017    0.00438614
   20.28028028    0.00427848
   20.39039039    0.00417891
   20.50050050    0.00409585
   20.61061061    0.00403154
   20.72072072    0.00398304
   20.83083083    0.00394467
   20.94094094    0.00391029
   21.05105105    0.00387502
   21.16116116    0.00383640
   21.27127127    0.00379448
   21.38138138    0.00375072
   21.49149149    0.00370666
   21.60160160    0.00366342
   21.71171171    0.00362202
   21.82182182    0.00358360
   21.93193193    0.00354907
   22.04204204    0.00351911
   22.15215215    0.00349483
   22.26226226    0.00347835
   22.37237237    0.00347222
   22.48248248    0.00347751
   22.59259259    0.00349168
   22.70270270    0.00350764
   22.81281281    0.00351503
   22.92292292    0.00350366
   23.03303303    0.00346764
   23.14314314    0.00340780
   23.25325325    0.00333094
   23.36336336    0.00324676
   23.47347347    0.00316456
   23.58358358    0.00309112
   23.69369369    0.00303032
   23.80380380    0.00298381
   23.91391391    0.00295200
   24.02402402    0.00293451
   24.13413413    0.00293014
   24.24424424    0.00293679
   24.35435435    0.00295144
   24.46446446    0.00297047
   24.57457457    0.00298990
   24.68468468    0.00300567
   24.79479479    0.00301431
   24.90490490    0.00301380
   25.01501502    0.00300410
   25.12512513    0.00298675
   25.23523524    0.00296362
   25.34534535    0.00293609
   25.45545546    0.00290540
   25.56556557    0.00287349
   25.67567568    0.00284324
   25.78578579    0.00281748
   25.89589590    0.00279737
   26.00600601    0.00278155
   26.11611612    0.00276707
   26.22622623    0.00275153
   26.33633634    0.00273510
   26.44644645    0.00272072
   26.55655656    0.00271253
   26.66666667    0.00271381
   26.77677678    0.00272566
   26.88688689    0.00274686
   26.99699700    0.00277441
   27.10710711    0.00280429
   27.21721722    0.00283209
   27.32732733    0.00285375
   27.43743744    0.00286628
   27.54754755    0.00286854
   27.65765766    0.00286189
   27.76776777    0.00285023
   27.87787788    0.00283890
   27.98798799    0.00283279
   28.09809810    0.00283474
   28.20820821    0.00284515
   28.31831832    0.00286287
   28.42842843    0.00288667
   28.53853854    0.00291635
   28.64864865    0.00295298
   28.75875876    0.00299808
   28.86886887    0.00305237
   28.97897898    0.00311462
   29.08908909    0.00318121
   29.19919920    0.00324659
   29.30930931    0.00330433
   29.41941942    0.00334828
   29.52952953    0.00337311
   29.63963964    0.00337472
   29.74974975    0.00335131
   29.85985986    0.00330485
   29.96996997    0.00324193
   30.08008008    0.00317272
   30.19019019    0.00310842
   30.30030030    0.00305842
   30.41041041    0.00302840
   30.52052052    0.00301955
   30.63063063    0.00302878
   30.74074074    0.00304962
   30.85085085    0.00307378
   30.96096096    0.00309296
   31.07107107    0.00310041
   31.18118118    0.00309193
   31.29129129    0.00306612
   31.40140140    0.00302399
   31.51151151    0.00296836
   31.62162162    0.00290315
   31.73173173    0.00283271
   31.84184184    0.00276131
   31.95195195    0.00269252
   32.06206206    0.00262889
   32.17217217    0.00257214
   32.28228228    0.00252376
   32.39239239    0.00248513
   32.50250250    0.00245713
   32.61261261    0.00243935
   32.72272272    0.00243001
   32.83283283    0.00242637
   32.94294294    0.00242586
   33.05305305    0.00242700
   33.16316316    0.00242984
   33.27327327    0.00243558
   33.38338338    0.00244558
   33.49349349    0.00246028
   33.60360360    0.00247831
   33.71371371    0.00249614
   33.82382382    0.00250866
   33.93393393    0.00251050
   34.04404404    0.00249784
   34.15415415    0.00246974
   34.26426426    0.00242833
   34.37437437    0.00237795
   34.48448448    0.00232381
   34.59459459    0.00227076
   34.70470470    0.00222265
   34.81481481    0.00218204
   34.92492492    0.00215013
   35.03503504    0.00212671
   35.14514515    0.00211018
   35.25525526    0.00209786
   35.36536537    0.00208667
   35.47547548    0.00207409
   35.58558559    0.00205880
   35.69569570    0.00204064
   35.80580581    0.00202013
   35.91591592    0.00199790
   36.02602603    0.00197441
   36.13613614    0.00194996
   36.24624625    0.00192475
   36.35635636    0.00189882
   36.46646647    0.00187184
   36.57657658    0.00184297
   36.68668669    0.00181102
   36.79679680    0.00177490
   36.90690691    0.00173413
   37.01701702    0.00168919
   37.12712713    0.00164146
   37.23723724    0.00159278
   37.34734735    0.00154488
   37.45745746    0.00149887
   37.56756757    0.00145519
   37.67767768    0.00141372
   37.78778779    0.00137407
   37.89789790    0.00133577
   38.00800801    0.00129841
   38.11811812    0.00126189
   38.22822823    0.00122666
   38.33833834    0.00119387
   38.44844845    0.00116509
   38.55855856    0.00114186
   38.66866867    0.00112512
   38.77877878    0.00111491
   38.88888889    0.00111024
   38.99899900    0.00110920
   39.10910911    0.00110929
   39.21921922    0.00110796
   39.32932933    0.00110321
   39.43943944    0.00109415
   39.54954955    0.00108111
   39.65965966    0.00106543
   39.76976977    0.00104879
   39.87987988    0.00103262
   39.98998999    0.00101774
   40.10010010    0.00100427
   40.21021021    0.00099183
   40.32032032    0.00097979
   40.43043043    0.00096743
   40.54054054    0.00095408
   40.65065065    0.00093915
   40.76076076    0.00092228
   40.87087087    0.00090347
   40.98098098    0.00088304
   41.09109109    0.00086158
   41.20120120    0.00083976
   41.31131131    0.00081827
   41.42142142    0.00079774
   41.53153153    0.00077886
   41.64164164    0.00076229
   41.75175175    0.00074861
   41.86186186    0.00073822
   41.97197197    0.00073127
   42.08208208    0.00072767
   42.19219219    0.00072710
   42.30230230    0.00072905
   42.41241241    0.00073272
   42.52252252    0.00073705
   42.63263263    0.00074077
   42.74274274    0.00074272
   42.85285285    0.00074207
   42.96296296    0.00073865
   43.07307307    0.00073299
   43.18318318    0.00072610
   43.29329329    0.00071913
   43.40340340    0.00071297
   43.51351351    0.00070803
   43.62362362    0.00070414
   43.73373373    0.00070072
   43.84384384    0.00069698
   43.95395395    0.00069226
   44.06406406    0.00068626
   44.17417417    0.00067911
   44.28428428    0.00067122
   44.39439439    0.00066304
   44.50450450    0.00065490
   44.61461461    0.00064682
   44.72472472    0.00063853
   44.83483483    0.00062957
   44.94494494    0.00061955
   45.05505506    0.00060831
   45.16516517    0.00059607
   45.27527528    0.00058343
   45.38538539    0.00057123
   45.49549550    0.00056036
   45.60560561    0.00055163
   45.71571572    0.00054558
   45.82582583    0.00054240
   45.93593594    0.00054189
   46.04604605    0.00054350
   46.15615616    0.00054639
   46.26626627    0.00054954
   46.37637638    0.00055180
   46.48648649    0.00055204
   46.59659660    0.00054938
   46.70670671    0.00054333
   46.81681682    0.00053393
   46.92692693    0.00052167
   47.03703704    0.00050734
   47.14714715    0.00049179
   47.25725726    0.00047586
   47.36736737    0.00046019
   47.47747748    0.00044519
   47.58758759    0.00043106
   47.69769770    0.00041778
   47.80780781    0.00040525
   47.91791792    0.00039339
   48.02802803    0.00038218
   48.13813814    0.00037169
   48.24824825    0.00036201
   48.35835836    0.00035319
   48.46846847    0.00034523
   48.57857858    0.00033802
   48.68868869    0.00033143
   48.79879880    0.00032534
   48.90890891    0.00031967
   49.01901902    0.00031441
   49.12912913    0.00030952
   49.23923924    0.00030495
   49.34934935    0.00030063
   49.45945946    0.00029652
   49.56956957    0.00029265
   49.67967968    0.00028916
   49.78978979    0.00028624
   49.89989990    0.00028414
   50.01001001    0.00028305
   50.12012012    0.00028304
   50.23023023    0.00028405
   50.34034034    0.00028578
   50.45045045    0.00028780
   50.56056056    0.00028960
   50.67067067    0.00029071
   50.78078078    0.00029081
   50.89089089    0.00028986
   51.00100100    0.00028805
   51.11111111    0.00028574
   51.22122122    0.00028329
   51.33133133    0.00028097
   51.44144144    0.00027889
   51.55155155    0.00027700
   51.66166166    0.00027519
   51.77177177    0.00027329
   51.88188188    0.00027123
   51.99199199    0.00026900
   52.10210210    0.00026666
   52.21221221    0.00026431
   52.32232232    0.00026205
   52.43243243    0.00025993
   52.54254254    0.00025796
   52.65265265    0.00025615
   52.76276276    0.00025452
   52.87287287    0.00025316
   52.98298298    0.00025216
   53.09309309    0.00025161
   53.20320320    0.00025152
   53.31331331    0.00025187
   53.42342342    0.00025258
   53.53353353    0.00025354
   53.64364364    0.00025466
   53.75375375    0.00025587
   53.86386386    0.00025707
   53.97397397    0.00025819
   54.08408408    0.00025913
   54.19419419    0.00025981
   54.30430430    0.00026019
   54.41441441    0.00026026
   54.52452452    0.00026006
   54.63463463    0.00025962
   54.74474474    0.00025900
   54.85485485    0.00025829
   54.96496496    0.00025755
   55.07507508    0.00025686
   55.18518519    0.00025629
   55.29529530    0.00025589
   55.40540541    0.00025570
   55.51551552    0.00025568
   55.62562563    0.00025574
   55.73573574    0.00025566
   55.84584585    0.00025514
   55.95595596    0.00025388
   56.06606607    0.00025162
   56.17617618    0.00024822
   56.28628629    0.00024367
   56.39639640    0.00023809
   56.50650651    0.00023174
   56.61661662    0.00022498
   56.72672673    0.00021822
   56.83683684    0.00021185
   56.94694695    0.00020614
   57.05705706    0.00020122
   57.16716717    0.00019706
   57.27727728    0.00019349
   57.38738739    0.00019032
   57.49749750    0.00018733
   57.60760761    0.00018438
   57.71771772    0.00018143
   57.82782783    0.00017847
   57.93793794    0.00017550
   58.04804805    0.00017253
   58.15815816    0.00016954
   58.26826827    0.00016653
   58.37837838    0.00016351
   58.48848849    0.00016050
   58.59859860    0.00015753
   58.70870871    0.00015462
   58.81881882    0.00015176
   58.92892893    0.00014895
   59.03903904    0.00014620
   59.14914915    0.00014352
   59.25925926    0.00014089
   59.36936937    0.00013827
   59.47947948    0.00013560
   59.58958959    0.00013283
   59.69969970    0.00012995
   59.80980981    0.00012699
   59.91991992    0.00012402
   60.03003003    0.00012115
   60.14014014    0.00011849
   60.25025025    0.00011611
   60.36036036    0.00011407
   60.47047047    0.00011234
   60.58058058    0.00011088
   60.69069069    0.00010961
   60.80080080    0.00010848
   60.91091091    0.00010746
   61.02102102    0.00010657
   61.13113113    0.00010585
   61.24124124    0.00010531
   61.35135135    0.00010492
   61.46146146    0.00010464
   61.57157157    0.00010440
   61.68168168    0.00010413
   61.79179179    0.00010374
   61.90190190    0.00010314
   62.01201201    0.00010222
   62.12212212    0.00010091
   62.23223223    0.00009918
   62.34234234    0.00009707
   62.45245245    0.00009469
   62.56256256    0.00009221
   62.67267267    0.00008976
   62.78278278    0.00008746
   62.89289289    0.00008536
   63.00300300    0.00008345
   63.11311311    0.00008171
   63.22322322    0.00008006
   63.33333333    0.00007845
   63.44344344    0.00007684
   63.55355355    0.00007521
   63.66366366    0.00007354
   63.77377377    0.00007188
   63.88388388    0.00007023
   63.99399399    0.00006864
   64.10410410    0.00006712
   64.21421421    0.00006567
   64.32432432    0.00006431
   64.43443443    0.00006302
   64.54454454    0.00006176
   64.65465465    0.00006052
   64.76476476    0.00005927
   64.87487487    0.00005798
   64.98498498    0.00005667
   65.09509510    0.00005536
   65.20520521    0.00005408
   65.31531532    0.00005286
   65.42542543    0.00005172
   65.53553554    0.00005065
   65.64564565    0.00004966
   65.75575576    0.00004875
   65.86586587    0.00004790
   65.97597598    0.00004711
   66.08608609    0.00004638
   66.19619620    0.00004569
   66.30630631    0.00004503
   66.41641642    0.00004441
   66.52652653    0.00004380
   66.63663664    0.00004320
   66.74674675    0.00004259
   66.85685686    0.00004196
   66.96696697    0.00004133
   67.07707708    0.00004070
   67.18718719    0.00004008
   67.29729730    0.00003948
   67.40740741    0.00003890
   67.51751752    0.00003836
   67.62762763    0.00003785
   67.73773774    0.00003739
   67.84784785    0.00003697
   67.95795796    0.00003658
   68.06806807    0.00003624
   68.17817818    0.00003593
   68.28828829    0.00003566
   68.39839840    0.00003541
   68.50850851    0.00003519
   68.61861862    0.00003499
   68.72872873    0.00003481
   68.83883884    0.00003467
   68.94894895    0.00003454
   69.05905906    0.00003445
   69.16916917    0.00003438
   69.27927928    0.00003434
   69.38938939    0.00003432
   69.49949950    0.00003432
   69.60960961    0.00003434
   69.71971972    0.00003439
   69.82982983    0.00003446
   69.93993994    0.00003454
   70.05005005    0.00003465
   70.16016016    0.00003478
   70.27027027    0.00003494
   70.38038038    0.00003513
   70.49049049    0.00003535
   70.60060060    0.00003560
   70.71071071    0.00003589
   70.82082082    0.00003620
   70.93093093    0.00003654
   71.04104104    0.00003690
   71.15115115    0.00003728
   71.26126126    0.00003767
   71.37137137    0.00003807
   71.48148148    0.00003848
   71.59159159    0.00003890
   71.70170170    0.00003933
   71.81181181    0.00003978
   71.92192192    0.00004025
   72.03203203    0.00004076
   72.14214214    0.00004130
   72.25225225    0.00004188
   72.36236236    0.00004250
   72.47247247    0.00004316
   72.58258258    0.00004385
   72.69269269    0.00004458
   72.80280280    0.00004534
   72.91291291    0.00004612
   73.02302302    0.00004693
   73.13313313    0.00004774
   73.24324324    0.00004856
   73.35335335    0.00004937
   73.46346346    0.00005017
   73.57357357    0.00005096
   73.68368368    0.00005173
   73.79379379    0.00005249
   73.90390390    0.00005327
   74.01401401    0.00005408
   74.12412412    0.00005496
   74.23423423    0.00005592
   74.34434434    0.00005699
   74.45445445    0.00005817
   74.56456456    0.00005946
   74.67467467    0.00006084
   74.78478478    0.00006228
   74.89489489    0.00006372
   75.00500501    0.00006513
   75.11511512    0.00006648
   75.22522523    0.00006774
   75.33533534    0.00006894
   75.44544545    0.00007010
   75.55555556    0.00007126
   75.66566567    0.00007245
   75.77577578    0.00007370
   75.88588589    0.00007503
   75.99599600    0.00007643
   76.10610611    0.00007787
   76.21621622    0.00007933
   76.32632633    0.00008076
   76.43643644    0.00008213
   76.54654655    0.00008345
   76.65665666    0.00008470
   76.76676677    0.00008594
   76.87687688    0.00008720
   76.98698699    0.00008852
   77.09709710    0.00008994
   77.20720721    0.00009150
   77.31731732    0.00009321
   77.42742743    0.00009506
   77.53753754    0.00009704
   77.64764765    0.00009914
   77.75775776    0.00010133
   77.86786787    0.00010358
   77.97797798    0.00010591
   78.08808809    0.00010832
   78.19819820    0.00011087
   78.30830831    0.00011361
   78.41841842    0.00011661
   78.52852853    0.00011991
   78.63863864    0.00012351
   78.74874875    0.00012734
   78.85885886    0.00013129
   78.96896897    0.00013521
   79.07907908    0.00013896
   79.18918919    0.00014241
   79.29929930    0.00014551
   79.40940941    0.00014826
   79.51951952    0.00015074
   79.62962963    0.00015308
   79.73973974    0.00015541
   79.84984985    0.00015786
   79.95995996    0.00016052
   80.07007007    0.00016337
   80.18018018    0.00016634
   80.29029029    0.00016924
   80.40040040    0.00017186
   80.51051051    0.00017394
   80.62062062    0.00017533
   80.73073073    0.00017598
   80.84084084    0.00017600
   80.95095095    0.00017562
   81.06106106    0.00017515
   81.17117117    0.00017491
   81.28128128    0.00017516
   81.39139139    0.00017603
   81.50150150    0.00017757
   81.61161161    0.00017969
   81.72172172    0.00018225
   81.83183183    0.00018504
   81.94194194    0.00018790
   82.05205205    0.00019075
   82.16216216    0.00019356
   82.27227227    0.00019640
   82.38238238    0.00019937
   82.49249249    0.00020256
   82.60260260    0.00020608
   82.71271271    0.00020994
   82.82282282    0.00021413
   82.93293293    0.00021857
   83.04304304    0.00022316
   83.15315315    0.00022781
   83.26326326    0.00023248
   83.37337337    0.00023719
   83.48348348    0.00024199
   83.59359359    0.00024695
   83.70370370    0.00025213
   83.81381381    0.00025751
   83.92392392    0.00026298
   84.03403403    0.00026834
   84.14414414    0.00027333
   84.25425425    0.00027770
   84.36436436    0.00028131
   84.47447447    0.00028417
   84.58458458    0.00028650
   84.69469469    0.00028865
   84.80480480    0.00029102
   84.91491491    0.00029394
   85.02502503    0.00029758
   85.13513514    0.00030193
   85.24524525    0.00030674
   85.35535536    0.00031165
   85.46546547    0.00031621
   85.57557558    0.00031999
   85.68568569    0.00032273
   85.79579580    0.00032430
   85.90590591    0.00032474
   86.01601602    0.00032421
   86.12612613    0.00032295
   86.23623624    0.00032128
   86.34634635    0.00031954
   86.45645646    0.00031804
   86.56656657    0.00031700
   86.67667668    0.00031653
   86.78678679    0.00031662
   86.89689690    0.00031716
   87.00700701    0.00031801
   87.11711712    0.00031901
   87.22722723    0.00032007
   87.33733734    0.00032115
   87.44744745    0.00032227
   87.55755756    0.00032347
   87.66766767    0.00032486
   87.77777778    0.00032656
   87.88788789    0.00032871
   87.99799800    0.00033140
   88.10810811    0.00033474
   88.21821822    0.00033876
   88.32832833    0.00034346
   88.43843844    0.00034878
   88.54854855    0.00035468
   88.65865866    0.00036105
   88.76876877    0.00036782
   88.87887888    0.00037493
   88.98898899    0.00038233
   89.09909910    0.00039000
   89.20920921    0.00039791
   89.31931932    0.00040604
   89.42942943    0.00041431
   89.53953954    0.00042257
   89.64964965    0.00043055
   89.75975976    0.00043796
   89.86986987    0.00044450
   89.97997998    0.00044999
   90.09009009    0.00045442
   90.20020020    0.00045801
   90.31031031    0.00046107
   90.42042042    0.00046394
   90.53053053    0.00046681
   90.64064064    0.00046968
   90.75075075    0.00047237
   90.86086086    0.00047466
   90.97097097    0.00047635
   91.08108108    0.00047739
   91.19119119    0.00047784
   91.30130130    0.00047785
   91.41141141    0.00047764
   91.52152152    0.00047742
   91.63163163    0.00047738
   91.74174174    0.00047767
   91.85185185    0.00047832
   91.96196196    0.00047929
   92.07207207    0.00048047
   92.18218218    0.00048169
   92.29229229    0.00048278
   92.40240240    0.00048366
   92.51251251    0.00048431
   92.62262262    0.00048479
   92.73273273    0.00048517
   92.84284284    0.00048551
   92.95295295    0.00048577
   93.06306306    0.00048592
   93.17317317    0.00048594
   93.28328328    0.00048594
   93.39339339    0.00048613
   93.50350350    0.00048682
   93.61361361    0.00048829
   93.72372372    0.00049079
   93.83383383    0.00049440
   93.94394394    0.00049912
   94.05405405    0.00050480
   94.16416416    0.00051120
   94.27427427    0.00051801
   94.38438438    0.00052490
   94.49449449    0.00053155
   94.60460460    0.00053774
   94.71471471    0.00054338
   94.82482482    0.00054855
   94.93493493    0.00055342
   95.04504505    0.00055819
   95.15515516    0.00056301
   95.26526527    0.00056799
   95.37537538    0.00057320
   95.48548549    0.00057876
   95.59559560    0.00058481
   95.70570571    0.00059151
   95.81581582    0.00059902
   95.92592593    0.00060745
   96.03603604    0.00061685
   96.14614615    0.00062713
   96.25625626    0.00063810
   96.36636637    0.00064934
   96.47647648    0.00066020
   96.58658659    0.00066989
   96.69669670    0.00067762
   96.80680681    0.00068291
   96.91691692    0.00068575
   97.02702703    0.00068667
   97.13713714    0.00068648
   97.24724725    0.00068600
   97.35735736    0.00068578
   97.46746747    0.00068595
   97.57757758    0.00068624
   97.68768769    0.00068615
   97.79779780    0.00068523
   97.90790791    0.00068325
   98.01801802    0.00068030
   98.12812813    0.00067663
   98.23823824    0.00067246
   98.34834835    0.00066795
   98.45845846    0.00066316
   98.56856857    0.00065817
   98.67867868    0.00065305
   98.78878879    0.00064796
   98.89889890    0.00064307
   99.00900901    0.00063857
   99.11911912    0.00063461
   99.22922923    0.00063133
   99.33933934    0.00062876
   99.44944945    0.00062693
   99.55955956    0.00062590
   99.66966967    0.00062579
   99.77977978    0.00062687
   99.88988989    0.00062943
  100.00000000    0.00063370
