# Final state angular momentum:   1
# Broadening parameter (in eV):    0.800
# Absorbing atom type (xiabs):   1
# Energy (eV)   sigma
  -10.00000000    0.00004220
   -9.88988989    0.00004263
   -9.77977978    0.00004306
   -9.66966967    0.00004350
   -9.55955956    0.00004396
   -9.44944945    0.00004442
   -9.33933934    0.00004488
   -9.22922923    0.00004536
   -9.11911912    0.00004585
   -9.00900901    0.00004635
   -8.89889890    0.00004686
   -8.78878879    0.00004738
   -8.67867868    0.00004791
   -8.56856857    0.00004845
   -8.45845846    0.00004900
   -8.34834835    0.00004957
   -8.23823824    0.00005014
   -8.12812813    0.00005074
   -8.01801802    0.00005134
   -7.90790791    0.00005196
   -7.79779780    0.00005259
   -7.68768769    0.00005324
   -7.57757758    0.00005391
   -7.46746747    0.00005459
   -7.35735736    0.00005529
   -7.24724725    0.00005601
   -7.13713714    0.00005675
   -7.02702703    0.00005750
   -6.91691692    0.00005828
   -6.80680681    0.00005908
   -6.69669670    0.00005990
   -6.58658659    0.00006075
   -6.47647648    0.00006162
   -6.36636637    0.00006252
   -6.25625626    0.00006344
   -6.14614615    0.00006440
   -6.03603604    0.00006538
   -5.92592593    0.00006640
   -5.81581582    0.00006745
   -5.70570571    0.00006854
   -5.59559560    0.00006967
   -5.48548549    0.00007084
   -5.37537538    0.00007205
   -5.26526527    0.00007331
   -5.15515516    0.00007462
   -5.04504505    0.00007597
   -4.93493493    0.00007739
   -4.82482482    0.00007886
   -4.71471471    0.00008040
   -4.60460460    0.00008201
   -4.49449449    0.00008369
   -4.38438438    0.00008546
   -4.27427427    0.00008730
   -4.16416416    0.00008924
   -4.05405405    0.00009129
   -3.94394394    0.00009344
   -3.83383383    0.00009571
   -3.72372372    0.00009811
   -3.61361361    0.00010065
   -3.50350350    0.00010335
   -3.39339339    0.00010622
   -3.28328328    0.00010928
   -3.17317317    0.00011255
   -3.06306306    0.00011605
   -2.95295295    0.00011981
   -2.84284284    0.00012385
   -2.73273273    0.00012822
   -2.62262262    0.00013294
   -2.51251251    0.00013808
   -2.40240240    0.00014367
   -2.29229229    0.00014979
   -2.18218218    0.00015651
   -2.07207207    0.00016392
   -1.96196196    0.00017211
   -1.85185185    0.00018121
   -1.74174174    0.00019138
   -1.63163163    0.00020278
   -1.52152152    0.00021563
   -1.41141141    0.00023019
   -1.30130130    0.00024676
   -1.19119119    0.00026572
   -1.08108108    0.00028752
   -0.97097097    0.00031266
   -0.86086086    0.00034177
   -0.75075075    0.00037549
   -0.64064064    0.00041452
   -0.53053053    0.00045946
   -0.42042042    0.00051066
   -0.31031031    0.00056802
   -0.20020020    0.00063066
   -0.09009009    0.00069666
    0.02002002    0.00076412
    0.13013013    0.00082727
    0.24024024    0.00088471
    0.35035035    0.00093279
    0.46046046    0.00096966
    0.57057057    0.00099464
    0.68068068    0.00100773
    0.79079079    0.00100901
    0.90090090    0.00099848
    1.01101101    0.00097638
    1.12112112    0.00094363
    1.23123123    0.00090216
    1.34134134    0.00085455
    1.45145145    0.00080351
    1.56156156    0.00075119
    1.67167167    0.00069897
    1.78178178    0.00064774
    1.89189189    0.00059820
    2.00200200    0.00055115
    2.11211211    0.00050745
    2.22222222    0.00046779
    2.33233233    0.00043259
    2.44244244    0.00040190
    2.55255255    0.00037550
    2.66266266    0.00035302
    2.77277277    0.00033399
    2.88288288    0.00031797
    2.99299299    0.00030452
    3.10310310    0.00029329
    3.21321321    0.00028395
    3.32332332    0.00027624
    3.43343343    0.00026992
    3.54354354    0.00026483
    3.65365365    0.00026080
    3.76376376    0.00025770
    3.87387387    0.00025544
    3.98398398    0.00025391
    4.09409409    0.00025307
    4.20420420    0.00025283
    4.31431431    0.00025316
    4.42442442    0.00025401
    4.53453453    0.00025536
    4.64464464    0.00025717
    4.75475475    0.00025942
    4.86486486    0.00026211
    4.97497497    0.00026522
    5.08508509    0.00026873
    5.19519520    0.00027266
    5.30530531    0.00027700
    5.41541542    0.00028174
    5.52552553    0.00028691
    5.63563564    0.00029250
    5.74574575    0.00029852
    5.85585586    0.00030500
    5.96596597    0.00031196
    6.07607608    0.00031940
    6.18618619    0.00032736
    6.29629630    0.00033586
    6.40640641    0.00034494
    6.51651652    0.00035463
    6.62662663    0.00036498
    6.73673674    0.00037604
    6.84684685    0.00038785
    6.95695696    0.00040048
    7.06706707    0.00041399
    7.17717718    0.00042847
    7.28728729    0.00044400
    7.39739740    0.00046068
    7.50750751    0.00047864
    7.61761762    0.00049800
    7.72772773    0.00051892
    7.83783784    0.00054156
    7.94794795    0.00056614
    8.05805806    0.00059288
    8.16816817    0.00062203
    8.27827828    0.00065389
    8.38838839    0.00068877
    8.49849850    0.00072699
    8.60860861    0.00076886
    8.71871872    0.00081471
    8.82882883    0.00086484
    8.93893894    0.00091957
    9.04904905    0.00097930
    9.15915916    0.00104456
    9.26926927    0.00111596
    9.37937938    0.00119431
    9.48948949    0.00128061
    9.59959960    0.00137605
    9.70970971    0.00148185
    9.81981982    0.00159921
    9.92992993    0.00172941
   10.04004004    0.00187422
   10.15015015    0.00203641
   10.26026026    0.00221993
   10.37037037    0.00242954
   10.48048048    0.00266995
   10.59059059    0.00294496
   10.70070070    0.00325661
   10.81081081    0.00360464
   10.92092092    0.00398605
   11.03103103    0.00439486
   11.14114114    0.00482200
   11.25125125    0.00525552
   11.36136136    0.00568165
   11.47147147    0.00608698
   11.58158158    0.00646151
   11.69169169    0.00680034
   11.80180180    0.00710197
   11.91191191    0.00736377
   12.02202202    0.00757835
   12.13213213    0.00773343
   12.24224224    0.00781552
   12.35235235    0.00781553
   12.46246246    0.00773372
   12.57257257    0.00758174
   12.68268268    0.00738063
   12.79279279    0.00715537
   12.90290290    0.00692835
   13.01301301    0.00671480
   13.12312312    0.00652183
   13.23323323    0.00635066
   13.34334334    0.00620030
   13.45345345    0.00607026
   13.56356356    0.00596138
   13.67367367    0.00587477
   13.78378378    0.00581004
   13.89389389    0.00576413
   14.00400400    0.00573148
   14.11411411    0.00570535
   14.22422422    0.00567895
   14.33433433    0.00564569
   14.44444444    0.00559951
   14.55455455    0.00553657
   14.66466466    0.00545742
   14.77477477    0.00536755
   14.88488488    0.00527533
   14.99499499    0.00518921
   15.10510511    0.00511617
   15.21521522    0.00506215
   15.32532533    0.00503281
   15.43543544    0.00503307
   15.54554555    0.00506515
   15.65565566    0.00512627
   15.76576577    0.00520769
   15.87587588    0.00529621
   15.98598599    0.00537754
   16.09609610    0.00543974
   16.20620621    0.00547553
   16.31631632    0.00548316
   16.42642643    0.00546682
   16.53653654    0.00543656
   16.64664665    0.00540647
   16.75675676    0.00539081
   16.86686687    0.00539885
   16.97697698    0.00543124
   17.08708709    0.00547939
   17.19719720    0.00552811
   17.30730731    0.00556006
   17.41741742    0.00556005
   17.52752753    0.00551815
   17.63763764    0.00543150
   17.74774775    0.00530452
   17.85785786    0.00514719
   17.96796797    0.00497158
   18.07807808    0.00478849
   18.18818819    0.00460552
   18.29829830    0.00442706
   18.40840841    0.00425539
   18.51851852    0.00409229
   18.62862863    0.00394017
   18.73873874    0.00380238
   18.84884885    0.00368268
   18.95895896    0.00358426
   19.06906907    0.00350870
   19.17917918    0.00345572
   19.28928929    0.00342374
   19.39939940    0.00341058
   19.50950951    0.00341380
   19.61961962    0.00343056
   19.72972973    0.00345724
   19.83983984    0.00348950
   19.94994995    0.00352302
   20.06006006    0.00355524
   20.17017017    0.00358715
   20.28028028    0.00362328
   20.39039039    0.00366900
   20.50050050    0.00372669
   20.61061061    0.00379326
   20.72072072    0.00386064
   20.83083083    0.00391881
   20.94094094    0.00395984
   21.05105105    0.00398088
   21.16116116    0.00398470
   21.27127127    0.00397738
   21.38138138    0.00396504
   21.49149149    0.00395140
   21.60160160    0.00393757
   21.71171171    0.00392329
   21.82182182    0.00390820
   21.93193193    0.00389257
   22.04204204    0.00387809
   22.15215215    0.00386824
   22.26226226    0.00386762
   22.37237237    0.00387962
   22.48248248    0.00390382
   22.59259259    0.00393462
   22.70270270    0.00396203
   22.81281281    0.00397460
   22.92292292    0.00396360
   23.03303303    0.00392657
   23.14314314    0.00386828
   23.25325325    0.00379832
   23.36336336    0.00372723
   23.47347347    0.00366316
   23.58358358    0.00361017
   23.69369369    0.00356822
   23.80380380    0.00353444
   23.91391391    0.00350478
   24.02402402    0.00347525
   24.13413413    0.00344273
   24.24424424    0.00340562
   24.35435435    0.00336438
   24.46446446    0.00332128
   24.57457457    0.00327907
   24.68468468    0.00323932
   24.79479479    0.00320187
   24.90490490    0.00316579
   25.01501502    0.00313080
   25.12512513    0.00309761
   25.23523524    0.00306687
   25.34534535    0.00303788
   25.45545546    0.00300866
   25.56556557    0.00297751
   25.67567568    0.00294467
   25.78578579    0.00291263
   25.89589590    0.00288473
   26.00600601    0.00286358
   26.11611612    0.00285034
   26.22622623    0.00284528
   26.33633634    0.00284868
   26.44644645    0.00286124
   26.55655656    0.00288379
   26.66666667    0.00291661
   26.77677678    0.00295875
   26.88688689    0.00300749
   26.99699700    0.00305846
   27.10710711    0.00310664
   27.21721722    0.00314756
   27.32732733    0.00317820
   27.43743744    0.00319711
   27.54754755    0.00320439
   27.65765766    0.00320210
   27.76776777    0.00319445
   27.87787788    0.00318679
   27.98798799    0.00318362
   28.09809810    0.00318666
   28.20820821    0.00319440
   28.31831832    0.00320342
   28.42842843    0.00321062
   28.53853854    0.00321501
   28.64864865    0.00321799
   28.75875876    0.00322228
   28.86886887    0.00323048
   28.97897898    0.00324413
   29.08908909    0.00326318
   29.19919920    0.00328572
   29.30930931    0.00330788
   29.41941942    0.00332396
   29.52952953    0.00332689
   29.63963964    0.00330941
   29.74974975    0.00326611
   29.85985986    0.00319584
   29.96996997    0.00310331
   30.08008008    0.00299846
   30.19019019    0.00289360
   30.30030030    0.00280000
   30.41041041    0.00272554
   30.52052052    0.00267410
   30.63063063    0.00264583
   30.74074074    0.00263775
   30.85085085    0.00264418
   30.96096096    0.00265747
   31.07107107    0.00266922
   31.18118118    0.00267226
   31.29129129    0.00266246
   31.40140140    0.00263961
   31.51151151    0.00260700
   31.62162162    0.00257004
   31.73173173    0.00253466
   31.84184184    0.00250610
   31.95195195    0.00248796
   32.06206206    0.00248168
   32.17217217    0.00248640
   32.28228228    0.00249926
   32.39239239    0.00251611
   32.50250250    0.00253238
   32.61261261    0.00254392
   32.72272272    0.00254739
   32.83283283    0.00254050
   32.94294294    0.00252247
   33.05305305    0.00249466
   33.16316316    0.00246061
   33.27327327    0.00242524
   33.38338338    0.00239336
   33.49349349    0.00236820
   33.60360360    0.00235041
   33.71371371    0.00233780
   33.82382382    0.00232602
   33.93393393    0.00230997
   34.04404404    0.00228572
   34.15415415    0.00225181
   34.26426426    0.00220960
   34.37437437    0.00216236
   34.48448448    0.00211416
   34.59459459    0.00206893
   34.70470470    0.00203007
   34.81481481    0.00200005
   34.92492492    0.00198003
   35.03503504    0.00196961
   35.14514515    0.00196677
   35.25525526    0.00196830
   35.36536537    0.00197058
   35.47547548    0.00197032
   35.58558559    0.00196524
   35.69569570    0.00195417
   35.80580581    0.00193693
   35.91591592    0.00191400
   36.02602603    0.00188627
   36.13613614    0.00185493
   36.24624625    0.00182146
   36.35635636    0.00178744
   36.46646647    0.00175420
   36.57657658    0.00172251
   36.68668669    0.00169247
   36.79679680    0.00166370
   36.90690691    0.00163562
   37.01701702    0.00160776
   37.12712713    0.00158000
   37.23723724    0.00155281
   37.34734735    0.00152716
   37.45745746    0.00150422
   37.56756757    0.00148472
   37.67767768    0.00146845
   37.78778779    0.00145414
   37.89789790    0.00143979
   38.00800801    0.00142343
   38.11811812    0.00140395
   38.22822823    0.00138154
   38.33833834    0.00135755
   38.44844845    0.00133378
   38.55855856    0.00131168
   38.66866867    0.00129183
   38.77877878    0.00127381
   38.88888889    0.00125644
   38.99899900    0.00123830
   39.10910911    0.00121826
   39.21921922    0.00119591
   39.32932933    0.00117175
   39.43943944    0.00114696
   39.54954955    0.00112291
   39.65965966    0.00110055
   39.76976977    0.00108000
   39.87987988    0.00106047
   39.98998999    0.00104066
   40.10010010    0.00101939
   40.21021021    0.00099620
   40.32032032    0.00097154
   40.43043043    0.00094652
   40.54054054    0.00092254
   40.65065065    0.00090091
   40.76076076    0.00088260
   40.87087087    0.00086811
   40.98098098    0.00085732
   41.09109109    0.00084958
   41.20120120    0.00084388
   41.31131131    0.00083927
   41.42142142    0.00083516
   41.53153153    0.00083143
   41.64164164    0.00082822
   41.75175175    0.00082559
   41.86186186    0.00082329
   41.97197197    0.00082080
   42.08208208    0.00081755
   42.19219219    0.00081310
   42.30230230    0.00080722
   42.41241241    0.00079985
   42.52252252    0.00079120
   42.63263263    0.00078167
   42.74274274    0.00077176
   42.85285285    0.00076184
   42.96296296    0.00075207
   43.07307307    0.00074236
   43.18318318    0.00073254
   43.29329329    0.00072261
   43.40340340    0.00071288
   43.51351351    0.00070393
   43.62362362    0.00069649
   43.73373373    0.00069116
   43.84384384    0.00068814
   43.95395395    0.00068712
   44.06406406    0.00068724
   44.17417417    0.00068727
   44.28428428    0.00068588
   44.39439439    0.00068195
   44.50450450    0.00067476
   44.61461461    0.00066404
   44.72472472    0.00064996
   44.83483483    0.00063305
   44.94494494    0.00061424
   45.05505506    0.00059467
   45.16516517    0.00057565
   45.27527528    0.00055839
   45.38538539    0.00054381
   45.49549550    0.00053241
   45.60560561    0.00052432
   45.71571572    0.00051933
   45.82582583    0.00051709
   45.93593594    0.00051716
   46.04604605    0.00051903
   46.15615616    0.00052213
   46.26626627    0.00052573
   46.37637638    0.00052906
   46.48648649    0.00053152
   46.59659660    0.00053282
   46.70670671    0.00053301
   46.81681682    0.00053230
   46.92692693    0.00053078
   47.03703704    0.00052826
   47.14714715    0.00052441
   47.25725726    0.00051892
   47.36736737    0.00051173
   47.47747748    0.00050302
   47.58758759    0.00049310
   47.69769770    0.00048239
   47.80780781    0.00047126
   47.91791792    0.00046010
   48.02802803    0.00044923
   48.13813814    0.00043891
   48.24824825    0.00042924
   48.35835836    0.00042017
   48.46846847    0.00041146
   48.57857858    0.00040287
   48.68868869    0.00039431
   48.79879880    0.00038596
   48.90890891    0.00037814
   49.01901902    0.00037119
   49.12912913    0.00036526
   49.23923924    0.00036024
   49.34934935    0.00035586
   49.45945946    0.00035176
   49.56956957    0.00034764
   49.67967968    0.00034338
   49.78978979    0.00033902
   49.89989990    0.00033477
   50.01001001    0.00033084
   50.12012012    0.00032734
   50.23023023    0.00032415
   50.34034034    0.00032101
   50.45045045    0.00031760
   50.56056056    0.00031369
   50.67067067    0.00030923
   50.78078078    0.00030434
   50.89089089    0.00029925
   51.00100100    0.00029419
   51.11111111    0.00028938
   51.22122122    0.00028498
   51.33133133    0.00028113
   51.44144144    0.00027787
   51.55155155    0.00027515
   51.66166166    0.00027283
   51.77177177    0.00027074
   51.88188188    0.00026873
   51.99199199    0.00026669
   52.10210210    0.00026450
   52.21221221    0.00026204
   52.32232232    0.00025922
   52.43243243    0.00025598
   52.54254254    0.00025234
   52.65265265    0.00024840
   52.76276276    0.00024430
   52.87287287    0.00024024
   52.98298298    0.00023640
   53.09309309    0.00023303
   53.20320320    0.00023035
   53.31331331    0.00022855
   53.42342342    0.00022775
   53.53353353    0.00022793
   53.64364364    0.00022899
   53.75375375    0.00023070
   53.86386386    0.00023282
   53.97397397    0.00023513
   54.08408408    0.00023753
   54.19419419    0.00024005
   54.30430430    0.00024286
   54.41441441    0.00024618
   54.52452452    0.00025014
   54.63463463    0.00025470
   54.74474474    0.00025957
   54.85485485    0.00026429
   54.96496496    0.00026835
   55.07507508    0.00027127
   55.18518519    0.00027271
   55.29529530    0.00027251
   55.40540541    0.00027063
   55.51551552    0.00026714
   55.62562563    0.00026222
   55.73573574    0.00025612
   55.84584585    0.00024916
   55.95595596    0.00024170
   56.06606607    0.00023409
   56.17617618    0.00022663
   56.28628629    0.00021956
   56.39639640    0.00021297
   56.50650651    0.00020687
   56.61661662    0.00020124
   56.72672673    0.00019600
   56.83683684    0.00019114
   56.94694695    0.00018664
   57.05705706    0.00018254
   57.16716717    0.00017881
   57.27727728    0.00017543
   57.38738739    0.00017230
   57.49749750    0.00016928
   57.60760761    0.00016627
   57.71771772    0.00016319
   57.82782783    0.00016005
   57.93793794    0.00015696
   58.04804805    0.00015409
   58.15815816    0.00015160
   58.26826827    0.00014964
   58.37837838    0.00014825
   58.48848849    0.00014735
   58.59859860    0.00014677
   58.70870871    0.00014628
   58.81881882    0.00014562
   58.92892893    0.00014462
   59.03903904    0.00014320
   59.14914915    0.00014140
   59.25925926    0.00013938
   59.36936937    0.00013730
   59.47947948    0.00013533
   59.58958959    0.00013351
   59.69969970    0.00013182
   59.80980981    0.00013013
   59.91991992    0.00012830
   60.03003003    0.00012620
   60.14014014    0.00012380
   60.25025025    0.00012115
   60.36036036    0.00011835
   60.47047047    0.00011550
   60.58058058    0.00011271
   60.69069069    0.00011005
   60.80080080    0.00010762
   60.91091091    0.00010551
   61.02102102    0.00010377
   61.13113113    0.00010246
   61.24124124    0.00010159
   61.35135135    0.00010108
   61.46146146    0.00010084
   61.57157157    0.00010071
   61.68168168    0.00010049
   61.79179179    0.00010004
   61.90190190    0.00009926
   62.01201201    0.00009810
   62.12212212    0.00009659
   62.23223223    0.00009481
   62.34234234    0.00009286
   62.45245245    0.00009086
   62.56256256    0.00008893
   62.67267267    0.00008713
   62.78278278    0.00008549
   62.89289289    0.00008395
   63.00300300    0.00008242
   63.11311311    0.00008077
   63.22322322    0.00007893
   63.33333333    0.00007693
   63.44344344    0.00007481
   63.55355355    0.00007270
   63.66366366    0.00007067
   63.77377377    0.00006878
   63.88388388    0.00006706
   63.99399399    0.00006551
   64.10410410    0.00006412
   64.21421421    0.00006287
   64.32432432    0.00006173
   64.43443443    0.00006066
   64.54454454    0.00005962
   64.65465465    0.00005857
   64.76476476    0.00005751
   64.87487487    0.00005642
   64.98498498    0.00005532
   65.09509510    0.00005424
   65.20520521    0.00005319
   65.31531532    0.00005219
   65.42542543    0.00005123
   65.53553554    0.00005031
   65.64564565    0.00004943
   65.75575576    0.00004858
   65.86586587    0.00004777
   65.97597598    0.00004698
   66.08608609    0.00004623
   66.19619620    0.00004552
   66.30630631    0.00004483
   66.41641642    0.00004416
   66.52652653    0.00004350
   66.63663664    0.00004285
   66.74674675    0.00004221
   66.85685686    0.00004159
   66.96696697    0.00004099
   67.07707708    0.00004041
   67.18718719    0.00003985
   67.29729730    0.00003931
   67.40740741    0.00003879
   67.51751752    0.00003830
   67.62762763    0.00003783
   67.73773774    0.00003741
   67.84784785    0.00003703
   67.95795796    0.00003669
   68.06806807    0.00003639
   68.17817818    0.00003611
   68.28828829    0.00003587
   68.39839840    0.00003565
   68.50850851    0.00003545
   68.61861862    0.00003527
   68.72872873    0.00003511
   68.83883884    0.00003498
   68.94894895    0.00003487
   69.05905906    0.00003478
   69.16916917    0.00003471
   69.27927928    0.00003467
   69.38938939    0.00003465
   69.49949950    0.00003464
   69.60960961    0.00003466
   69.71971972    0.00003469
   69.82982983    0.00003475
   69.93993994    0.00003484
   70.05005005    0.00003495
   70.16016016    0.00003511
   70.27027027    0.00003530
   70.38038038    0.00003553
   70.49049049    0.00003580
   70.60060060    0.00003611
   70.71071071    0.00003646
   70.82082082    0.00003684
   70.93093093    0.00003727
   71.04104104    0.00003773
   71.15115115    0.00003824
   71.26126126    0.00003879
   71.37137137    0.00003939
   71.48148148    0.00004001
   71.59159159    0.00004067
   71.70170170    0.00004135
   71.81181181    0.00004206
   71.92192192    0.00004278
   72.03203203    0.00004353
   72.14214214    0.00004431
   72.25225225    0.00004512
   72.36236236    0.00004594
   72.47247247    0.00004677
   72.58258258    0.00004758
   72.69269269    0.00004834
   72.80280280    0.00004905
   72.91291291    0.00004969
   73.02302302    0.00005028
   73.13313313    0.00005083
   73.24324324    0.00005136
   73.35335335    0.00005190
   73.46346346    0.00005245
   73.57357357    0.00005302
   73.68368368    0.00005361
   73.79379379    0.00005422
   73.90390390    0.00005485
   74.01401401    0.00005550
   74.12412412    0.00005619
   74.23423423    0.00005690
   74.34434434    0.00005766
   74.45445445    0.00005846
   74.56456456    0.00005929
   74.67467467    0.00006015
   74.78478478    0.00006103
   74.89489489    0.00006191
   75.00500501    0.00006277
   75.11511512    0.00006359
   75.22522523    0.00006435
   75.33533534    0.00006505
   75.44544545    0.00006571
   75.55555556    0.00006636
   75.66566567    0.00006703
   75.77577578    0.00006776
   75.88588589    0.00006858
   75.99599600    0.00006952
   76.10610611    0.00007061
   76.21621622    0.00007186
   76.32632633    0.00007330
   76.43643644    0.00007493
   76.54654655    0.00007673
   76.65665666    0.00007869
   76.76676677    0.00008074
   76.87687688    0.00008286
   76.98698699    0.00008501
   77.09709710    0.00008721
   77.20720721    0.00008947
   77.31731732    0.00009183
   77.42742743    0.00009431
   77.53753754    0.00009692
   77.64764765    0.00009966
   77.75775776    0.00010249
   77.86786787    0.00010538
   77.97797798    0.00010829
   78.08808809    0.00011117
   78.19819820    0.00011399
   78.30830831    0.00011671
   78.41841842    0.00011929
   78.52852853    0.00012170
   78.63863864    0.00012395
   78.74874875    0.00012604
   78.85885886    0.00012798
   78.96896897    0.00012980
   79.07907908    0.00013153
   79.18918919    0.00013324
   79.29929930    0.00013499
   79.40940941    0.00013681
   79.51951952    0.00013869
   79.62962963    0.00014063
   79.73973974    0.00014262
   79.84984985    0.00014469
   79.95995996    0.00014690
   80.07007007    0.00014931
   80.18018018    0.00015197
   80.29029029    0.00015484
   80.40040040    0.00015788
   80.51051051    0.00016099
   80.62062062    0.00016410
   80.73073073    0.00016715
   80.84084084    0.00017014
   80.95095095    0.00017310
   81.06106106    0.00017606
   81.17117117    0.00017911
   81.28128128    0.00018234
   81.39139139    0.00018588
   81.50150150    0.00018985
   81.61161161    0.00019436
   81.72172172    0.00019938
   81.83183183    0.00020479
   81.94194194    0.00021033
   82.05205205    0.00021573
   82.16216216    0.00022076
   82.27227227    0.00022530
   82.38238238    0.00022933
   82.49249249    0.00023288
   82.60260260    0.00023601
   82.71271271    0.00023871
   82.82282282    0.00024092
   82.93293293    0.00024257
   83.04304304    0.00024361
   83.15315315    0.00024413
   83.26326326    0.00024426
   83.37337337    0.00024423
   83.48348348    0.00024421
   83.59359359    0.00024437
   83.70370370    0.00024488
   83.81381381    0.00024587
   83.92392392    0.00024739
   84.03403403    0.00024937
   84.14414414    0.00025159
   84.25425425    0.00025372
   84.36436436    0.00025544
   84.47447447    0.00025659
   84.58458458    0.00025719
   84.69469469    0.00025748
   84.80480480    0.00025777
   84.91491491    0.00025840
   85.02502503    0.00025963
   85.13513514    0.00026160
   85.24524525    0.00026426
   85.35535536    0.00026747
   85.46546547    0.00027099
   85.57557558    0.00027461
   85.68568569    0.00027813
   85.79579580    0.00028147
   85.90590591    0.00028458
   86.01601602    0.00028745
   86.12612613    0.00029007
   86.23623624    0.00029242
   86.34634635    0.00029448
   86.45645646    0.00029624
   86.56656657    0.00029776
   86.67667668    0.00029912
   86.78678679    0.00030045
   86.89689690    0.00030185
   87.00700701    0.00030334
   87.11711712    0.00030492
   87.22722723    0.00030656
   87.33733734    0.00030823
   87.44744745    0.00030990
   87.55755756    0.00031155
   87.66766767    0.00031314
   87.77777778    0.00031465
   87.88788789    0.00031605
   87.99799800    0.00031738
   88.10810811    0.00031881
   88.21821822    0.00032062
   88.32832833    0.00032320
   88.43843844    0.00032703
   88.54854855    0.00033252
   88.65865866    0.00034002
   88.76876877    0.00034975
   88.87887888    0.00036179
   88.98898899    0.00037605
   89.09909910    0.00039234
   89.20920921    0.00041039
   89.31931932    0.00042986
   89.42942943    0.00045034
   89.53953954    0.00047131
   89.64964965    0.00049215
   89.75975976    0.00051221
   89.86986987    0.00053096
   89.97997998    0.00054817
   90.09009009    0.00056388
   90.20020020    0.00057833
   90.31031031    0.00059172
   90.42042042    0.00060398
   90.53053053    0.00061463
   90.64064064    0.00062285
   90.75075075    0.00062766
   90.86086086    0.00062825
   90.97097097    0.00062435
   91.08108108    0.00061642
   91.19119119    0.00060559
   91.30130130    0.00059328
   91.41141141    0.00058085
   91.52152152    0.00056929
   91.63163163    0.00055915
   91.74174174    0.00055059
   91.85185185    0.00054354
   91.96196196    0.00053777
   92.07207207    0.00053305
   92.18218218    0.00052910
   92.29229229    0.00052568
   92.40240240    0.00052259
   92.51251251    0.00051972
   92.62262262    0.00051704
   92.73273273    0.00051454
   92.84284284    0.00051222
   92.95295295    0.00051005
   93.06306306    0.00050803
   93.17317317    0.00050613
   93.28328328    0.00050438
   93.39339339    0.00050276
   93.50350350    0.00050127
   93.61361361    0.00050004
   93.72372372    0.00049929
   93.83383383    0.00049934
   93.94394394    0.00050049
   94.05405405    0.00050291
   94.16416416    0.00050657
   94.27427427    0.00051125
   94.38438438    0.00051652
   94.49449449    0.00052181
   94.60460460    0.00052646
   94.71471471    0.00052985
   94.82482482    0.00053154
   94.93493493    0.00053137
   95.04504505    0.00052955
   95.15515516    0.00052661
   95.26526527    0.00052329
   95.37537538    0.00052038
   95.48548549    0.00051849
   95.59559560    0.00051797
   95.70570571    0.00051879
   95.81581582    0.00052058
   95.92592593    0.00052277
   96.03603604    0.00052476
   96.14614615    0.00052615
   96.25625626    0.00052678
   96.36636637    0.00052677
   96.47647648    0.00052642
   96.58658659    0.00052607
   96.69669670    0.00052607
   96.80680681    0.00052672
   96.91691692    0.00052824
   97.02702703    0.00053086
   97.13713714    0.00053471
   97.24724725    0.00053983
   97.35735736    0.00054606
   97.46746747    0.00055310
   97.57757758    0.00056047
   97.68768769    0.00056764
   97.79779780    0.00057414
   97.90790791    0.00057963
   98.01801802    0.00058397
   98.12812813    0.00058718
   98.23823824    0.00058940
   98.34834835    0.00059083
   98.45845846    0.00059170
   98.56856857    0.00059224
   98.67867868    0.00059260
   98.78878879    0.00059283
   98.89889890    0.00059288
   99.00900901    0.00059265
   99.11911912    0.00059207
   99.22922923    0.00059116
   99.33933934    0.00059005
   99.44944945    0.00058897
   99.55955956    0.00058818
   99.66966967    0.00058787
   99.77977978    0.00058813
   99.88988989    0.00058888
  100.00000000    0.00059000
