# Final state angular momentum:   1
# Broadening parameter (in eV):    0.500
# Absorbing atom type (xiabs):   1
# Energy (eV)   sigma
  -10.00000000    0.00012567
   -9.90990991    0.00012670
   -9.81981982    0.00012775
   -9.72972973    0.00012881
   -9.63963964    0.00012989
   -9.54954955    0.00013098
   -9.45945946    0.00013209
   -9.36936937    0.00013322
   -9.27927928    0.00013436
   -9.18918919    0.00013552
   -9.09909910    0.00013670
   -9.00900901    0.00013790
   -8.91891892    0.00013911
   -8.82882883    0.00014035
   -8.73873874    0.00014160
   -8.64864865    0.00014288
   -8.55855856    0.00014417
   -8.46846847    0.00014549
   -8.37837838    0.00014682
   -8.28828829    0.00014818
   -8.19819820    0.00014956
   -8.10810811    0.00015097
   -8.01801802    0.00015240
   -7.92792793    0.00015385
   -7.83783784    0.00015532
   -7.74774775    0.00015682
   -7.65765766    0.00015835
   -7.56756757    0.00015990
   -7.47747748    0.00016148
   -7.38738739    0.00016309
   -7.29729730    0.00016473
   -7.20720721    0.00016640
   -7.11711712    0.00016809
   -7.02702703    0.00016982
   -6.93693694    0.00017158
   -6.84684685    0.00017337
   -6.75675676    0.00017519
   -6.66666667    0.00017705
   -6.57657658    0.00017894
   -6.48648649    0.00018087
   -6.39639640    0.00018284
   -6.30630631    0.00018484
   -6.21621622    0.00018689
   -6.12612613    0.00018897
   -6.03603604    0.00019109
   -5.94594595    0.00019326
   -5.85585586    0.00019547
   -5.76576577    0.00019773
   -5.67567568    0.00020003
   -5.58558559    0.00020238
   -5.49549550    0.00020478
   -5.40540541    0.00020724
   -5.31531532    0.00020974
   -5.22522523    0.00021230
   -5.13513514    0.00021491
   -5.04504505    0.00021758
   -4.95495495    0.00022031
   -4.86486486    0.00022310
   -4.77477477    0.00022595
   -4.68468468    0.00022887
   -4.59459459    0.00023185
   -4.50450450    0.00023491
   -4.41441441    0.00023803
   -4.32432432    0.00024123
   -4.23423423    0.00024451
   -4.14414414    0.00024787
   -4.05405405    0.00025131
   -3.96396396    0.00025483
   -3.87387387    0.00025844
   -3.78378378    0.00026214
   -3.69369369    0.00026594
   -3.60360360    0.00026984
   -3.51351351    0.00027383
   -3.42342342    0.00027794
   -3.33333333    0.00028215
   -3.24324324    0.00028647
   -3.15315315    0.00029092
   -3.06306306    0.00029548
   -2.97297297    0.00030018
   -2.88288288    0.00030500
   -2.79279279    0.00030997
   -2.70270270    0.00031508
   -2.61261261    0.00032034
   -2.52252252    0.00032576
   -2.43243243    0.00033134
   -2.34234234    0.00033709
   -2.25225225    0.00034302
   -2.16216216    0.00034914
   -2.07207207    0.00035544
   -1.98198198    0.00036196
   -1.89189189    0.00036868
   -1.80180180    0.00037563
   -1.71171171    0.00038281
   -1.62162162    0.00039024
   -1.53153153    0.00039792
   -1.44144144    0.00040588
   -1.35135135    0.00041412
   -1.26126126    0.00042266
   -1.17117117    0.00043151
   -1.08108108    0.00044070
   -0.99099099    0.00045024
   -0.90090090    0.00046014
   -0.81081081    0.00047044
   -0.72072072    0.00048116
   -0.63063063    0.00049231
   -0.54054054    0.00050393
   -0.45045045    0.00051603
   -0.36036036    0.00052866
   -0.27027027    0.00054182
   -0.18018018    0.00055556
   -0.09009009    0.44109965
    0.00000000    0.00058479
    0.09009009    0.00060039
    0.18018018    0.00061668
    0.27027027    0.00063373
    0.36036036    0.00065162
    0.45045045    0.00067042
    0.54054054    0.00069021
    0.63063063    0.00071105
    0.72072072    0.00073303
    0.81081081    0.00075623
    0.90090090    0.00078075
    0.99099099    0.00080670
    1.08108108    0.00083419
    1.17117117    0.00086335
    1.26126126    0.00089433
    1.35135135    0.00092729
    1.44144144    0.00096241
    1.53153153    0.00099989
    1.62162162    0.00103995
    1.71171171    0.00108286
    1.80180180    0.00112889
    1.89189189    0.00117839
    1.98198198    0.00123171
    2.07207207    0.00128929
    2.16216216    0.00135160
    2.25225225    0.00141921
    2.34234234    0.00149275
    2.43243243    0.00157297
    2.52252252    0.00166073
    2.61261261    0.00175705
    2.70270270    0.00186310
    2.79279279    0.00198029
    2.88288288    0.00211026
    2.97297297    0.00225501
    3.06306306    0.00241688
    3.15315315    0.00259876
    3.24324324    0.00280409
    3.33333333    0.00303714
    3.42342342    0.00330314
    3.51351351    0.00360855
    3.60360360    0.00396148
    3.69369369    0.00437213
    3.78378378    0.00485341
    3.87387387    0.00542181
    3.96396396    0.00609849
    4.05405405    0.00691072
    4.14414414    0.00789364
    4.23423423    0.00909231
    4.32432432    0.01056363
    4.41441441    0.01237697
    4.50450450    0.01461075
    4.59459459    0.01733895
    4.68468468    0.02059655
    4.77477477    0.02430913
    4.86486486    0.02818446
    4.95495495    0.03162137
    5.04504505    0.03379070
    5.13513514    0.03401786
    5.22522523    0.03224499
    5.31531532    0.02907596
    5.40540541    0.02534917
    5.49549550    0.02171540
    5.58558559    0.01851309
    5.67567568    0.01584484
    5.76576577    0.01368914
    5.85585586    0.01197734
    5.94594595    0.01063303
    6.03603604    0.00958800
    6.12612613    0.00878694
    6.21621622    0.00818734
    6.30630631    0.00775791
    6.39639640    0.00747682
    6.48648649    0.00733025
    6.57657658    0.00731141
    6.66666667    0.00742010
    6.75675676    0.00766267
    6.84684685    0.00805249
    6.93693694    0.00861086
    7.02702703    0.00936810
    7.11711712    0.01036449
    7.20720721    0.01164980
    7.29729730    0.01327883
    7.38738739    0.01529731
    7.47747748    0.01770892
    7.56756757    0.02041368
    7.65765766    0.02312542
    7.74774775    0.02533288
    7.83783784    0.02643093
    7.92792793    0.02605400
    8.01801802    0.02434351
    8.10810811    0.02183948
    8.19819820    0.01912867
    8.28828829    0.01660605
    8.37837838    0.01444988
    8.46846847    0.01269659
    8.55855856    0.01131565
    8.64864865    0.01025516
    8.73873874    0.00946350
    8.82882883    0.00889754
    8.91891892    0.00852456
    9.00900901    0.00832196
    9.09909910    0.00827629
    9.18918919    0.00838247
    9.27927928    0.00864347
    9.36936937    0.00907043
    9.45945946    0.00968350
    9.54954955    0.01051311
    9.63963964    0.01160174
    9.72972973    0.01300578
    9.81981982    0.01479617
    9.90990991    0.01705533
   10.00000000    0.01986424
   10.09009009    0.02326918
   10.18018018    0.02721417
   10.27027027    0.03143726
   10.36036036    0.03538027
   10.45045045    0.03824115
   10.54054054    0.03927104
   10.63063063    0.03816955
   10.72072072    0.03524961
   10.81081081    0.03124319
   10.90090090    0.02693030
   10.99099099    0.02286491
   11.08108108    0.01931651
   11.17117117    0.01634875
   11.26126126    0.01391889
   11.35135135    0.01194585
   11.44144144    0.01034473
   11.53153153    0.00904062
   11.62162162    0.00797208
   11.71171171    0.00709041
   11.80180180    0.00635758
   11.89189189    0.00574407
   11.98198198    0.00522693
   12.07207207    0.00478830
   12.16216216    0.00441416
   12.25225225    0.00409345
   12.34234234    0.00381741
   12.43243243    0.00357904
   12.52252252    0.00337272
   12.61261261    0.00319392
   12.70270270    0.00303898
   12.79279279    0.00290491
   12.88288288    0.00278932
   12.97297297    0.00269023
   13.06306306    0.00260611
   13.15315315    0.00253570
   13.24324324    0.00247806
   13.33333333    0.00243250
   13.42342342    0.00239856
   13.51351351    0.00237601
   13.60360360    0.00236483
   13.69369369    0.00236525
   13.78378378    0.00237775
   13.87387387    0.00240307
   13.96396396    0.00244230
   14.05405405    0.00249691
   14.14414414    0.00256884
   14.23423423    0.00266062
   14.32432432    0.00277556
   14.41441441    0.00291789
   14.50450450    0.00309311
   14.59459459    0.00330835
   14.68468468    0.00357280
   14.77477477    0.00389840
   14.86486486    0.00430045
   14.95495495    0.00479833
   15.04504505    0.00541571
   15.13513514    0.00617944
   15.22522523    0.00711510
   15.31531532    0.00823552
   15.40540541    0.00951727
   15.49549550    0.01086430
   15.58558559    0.01207699
   15.67567568    0.01287825
   15.76576577    0.01304146
   15.85585586    0.01254706
   15.94594595    0.01160057
   16.03603604    0.01049006
   16.12612613    0.00944325
   16.21621622    0.00858444
   16.30630631    0.00795997
   16.39639640    0.00757550
   16.48648649    0.00742018
   16.57657658    0.00747490
   16.66666667    0.00770698
   16.75675676    0.00805449
   16.84684685    0.00840985
   16.93693694    0.00862760
   17.02702703    0.00858096
   17.11711712    0.00824004
   17.20720721    0.00768976
   17.29729730    0.00706528
   17.38738739    0.00647835
   17.47747748    0.00599093
   17.56756757    0.00562552
   17.65765766    0.00538391
   17.74774775    0.00526093
   17.83783784    0.00525187
   17.92792793    0.00535587
   18.01801802    0.00557720
   18.10810811    0.00592510
   18.19819820    0.00641207
   18.28828829    0.00704897
   18.37837838    0.00783393
   18.46846847    0.00873230
   18.55855856    0.00965040
   18.64864865    0.01042461
   18.73873874    0.01086615
   18.82882883    0.01086822
   18.91891892    0.01048699
   19.00900901    0.00990211
   19.09909910    0.00930515
   19.18918919    0.00882768
   19.27927928    0.00853644
   19.36936937    0.00845840
   19.45945946    0.00860516
   19.54954955    0.00898825
   19.63963964    0.00962679
   19.72972973    0.01054992
   19.81981982    0.01179437
   19.90990991    0.01339404
   20.00000000    0.01535464
   20.09009009    0.01760482
   20.18018018    0.01992673
   20.27027027    0.02191119
   20.36036036    0.02304142
   20.45045045    0.02295831
   20.54054054    0.02171685
   20.63063063    0.01974484
   20.72072072    0.01755467
   20.81081081    0.01551462
   20.90090090    0.01380577
   20.99099099    0.01248032
   21.08108108    0.01152841
   21.17117117    0.01092126
   21.26126126    0.01063286
   21.35135135    0.01064909
   21.44144144    0.01097048
   21.53153153    0.01161126
   21.62162162    0.01259412
   21.71171171    0.01393661
   21.80180180    0.01562207
   21.89189189    0.01754884
   21.98198198    0.01946860
   22.07207207    0.02097257
   22.16216216    0.02162065
   22.25225225    0.02120331
   22.34234234    0.01990141
   22.43243243    0.01815321
   22.52252252    0.01638688
   22.61261261    0.01486713
   22.70270270    0.01368764
   22.79279279    0.01281646
   22.88288288    0.01213967
   22.97297297    0.01150986
   23.06306306    0.01081547
   23.15315315    0.01003783
   23.24324324    0.00924206
   23.33333333    0.00851638
   23.42342342    0.00792472
   23.51351351    0.00749712
   23.60360360    0.00724020
   23.69369369    0.00714800
   23.78378378    0.00720677
   23.87387387    0.00739617
   23.96396396    0.00769396
   24.05405405    0.00808905
   24.14414414    0.00859361
   24.23423423    0.00923381
   24.32432432    0.01001386
   24.41441441    0.01086954
   24.50450450    0.01163639
   24.59459459    0.01207325
   24.68468468    0.01197522
   24.77477477    0.01131319
   24.86486486    0.01025430
   24.95495495    0.00904019
   25.04504505    0.00786119
   25.13513514    0.00681671
   25.22522523    0.00593632
   25.31531532    0.00521259
   25.40540541    0.00462390
   25.49549550    0.00414622
   25.58558559    0.00375792
   25.67567568    0.00344109
   25.76576577    0.00318147
   25.85585586    0.00296795
   25.94594595    0.00279191
   26.03603604    0.00264669
   26.12612613    0.00252713
   26.21621622    0.00242923
   26.30630631    0.00234989
   26.39639640    0.00228672
   26.48648649    0.00223788
   26.57657658    0.00220196
   26.66666667    0.00217794
   26.75675676    0.00216508
   26.84684685    0.00216293
   26.93693694    0.00217125
   27.02702703    0.00219005
   27.11711712    0.00221954
   27.20720721    0.00226014
   27.29729730    0.00231253
   27.38738739    0.00237763
   27.47747748    0.00245664
   27.56756757    0.00255112
   27.65765766    0.00266303
   27.74774775    0.00279482
   27.83783784    0.00294954
   27.92792793    0.00313101
   28.01801802    0.00334401
   28.10810811    0.00359455
   28.19819820    0.00389021
   28.28828829    0.00424062
   28.37837838    0.00465808
   28.46846847    0.00515839
   28.55855856    0.00576192
   28.64864865    0.00649494
   28.73873874    0.00739126
   28.82882883    0.00849381
   28.91891892    0.00985569
   29.00900901    0.01153867
   29.09909910    0.01360553
   29.18918919    0.01609836
   29.27927928    0.01899155
   29.36936937    0.02211189
   29.45945946    0.02505148
   29.54954955    0.02717563
   29.63963964    0.02786028
   29.72972973    0.02688642
   29.81981982    0.02460782
   29.90990991    0.02168924
   30.00000000    0.01872369
   30.09009009    0.01605875
   30.18018018    0.01382635
   30.27027027    0.01203427
   30.36036036    0.01063851
   30.45045045    0.00958329
   30.54054054    0.00881873
   30.63063063    0.00830691
   30.72072072    0.00802270
   30.81081081    0.00795195
   30.90090090    0.00808736
   30.99099099    0.00842018
   31.08108108    0.00892499
   31.17117117    0.00953619
   31.26126126    0.01012604
   31.35135135    0.01051529
   31.44144144    0.01054811
   31.53153153    0.01019479
   31.62162162    0.00957549
   31.71171171    0.00887598
   31.80180180    0.00825162
   31.89189189    0.00779244
   31.98198198    0.00753414
   32.07207207    0.00747624
   32.16216216    0.00758776
   32.25225225    0.00779904
   32.34234234    0.00799346
   32.43243243    0.00802730
   32.52252252    0.00779489
   32.61261261    0.00729525
   32.70270270    0.00662580
   32.79279279    0.00591059
   32.88288288    0.00523992
   32.97297297    0.00465692
   33.06306306    0.00417129
   33.15315315    0.00377599
   33.24324324    0.00345804
   33.33333333    0.00320362
   33.42342342    0.00299998
   33.51351351    0.00283595
   33.60360360    0.00270257
   33.69369369    0.00259374
   33.78378378    0.00250618
   33.87387387    0.00243841
   33.96396396    0.00238952
   34.05405405    0.00235873
   34.14414414    0.00234530
   34.23423423    0.00234876
   34.32432432    0.00236903
   34.41441441    0.00240648
   34.50450450    0.00246203
   34.59459459    0.00253721
   34.68468468    0.00263425
   34.77477477    0.00275623
   34.86486486    0.00290729
   34.95495495    0.00309288
   35.04504505    0.00332014
   35.13513514    0.00359838
   35.22522523    0.00393965
   35.31531532    0.00435932
   35.40540541    0.00487658
   35.49549550    0.00551416
   35.58558559    0.00629621
   35.67567568    0.00724178
   35.76576577    0.00834999
   35.85585586    0.00957363
   35.94594595    0.01078674
   36.03603604    0.01177753
   36.12612613    0.01231712
   36.21621622    0.01229908
   36.30630631    0.01182527
   36.39639640    0.01113673
   36.48648649    0.01047342
   36.57657658    0.00999616
   36.66666667    0.00978845
   36.75675676    0.00988799
   36.84684685    0.01031169
   36.93693694    0.01106303
   37.02702703    0.01211926
   37.11711712    0.01339723
   37.20720721    0.01470710
   37.29729730    0.01573606
   37.38738739    0.01613469
   37.47747748    0.01571092
   37.56756757    0.01456617
   37.65765766    0.01301392
   37.74774775    0.01137848
   37.83783784    0.00987030
   37.92792793    0.00857947
   38.01801802    0.00751965
   38.10810811    0.00666930
   38.19819820    0.00599614
   38.28828829    0.00546854
   38.37837838    0.00505954
   38.46846847    0.00474774
   38.55855856    0.00451678
   38.64864865    0.00435456
   38.73873874    0.00425251
   38.82882883    0.00420498
   38.91891892    0.00420877
   39.00900901    0.00426294
   39.09909910    0.00436868
   39.18918919    0.00452938
   39.27927928    0.00475083
   39.36936937    0.00504169
   39.45945946    0.00541398
   39.54954955    0.00588395
   39.63963964    0.00647298
   39.72972973    0.00720854
   39.81981982    0.00812460
   39.90990991    0.00926031
   40.00000000    0.01065434
   40.09009009    0.01232996
   40.18018018    0.01426467
   40.27027027    0.01634376
   40.36036036    0.01832309
   40.45045045    0.01986885
   40.54054054    0.02072631
   40.63063063    0.02091277
   40.72072072    0.02071779
   40.81081081    0.02049300
   40.90090090    0.02043606
   40.99099099    0.02049927
   41.08108108    0.02042440
   41.17117117    0.01989897
   41.26126126    0.01877777
   41.35135135    0.01718852
   41.44144144    0.01542080
   41.53153153    0.01374289
   41.62162162    0.01231331
   41.71171171    0.01119177
   41.80180180    0.01038246
   41.89189189    0.00986911
   41.98198198    0.00963434
   42.07207207    0.00966737
   42.16216216    0.00996392
   42.25225225    0.01051876
   42.34234234    0.01130862
   42.43243243    0.01226352
   42.52252252    0.01323601
   42.61261261    0.01400427
   42.70270270    0.01435556
   42.79279279    0.01422305
   42.88288288    0.01374237
   42.97297297    0.01315995
   43.06306306    0.01269976
   43.15315315    0.01249789
   43.24324324    0.01259842
   43.33333333    0.01296102
   43.42342342    0.01346009
   43.51351351    0.01389650
   43.60360360    0.01405984
   43.69369369    0.01383459
   43.78378378    0.01326937
   43.87387387    0.01253990
   43.96396396    0.01184054
   44.05405405    0.01129426
   44.14414414    0.01091946
   44.23423423    0.01063720
   44.32432432    0.01030994
   44.41441441    0.00981729
   44.50450450    0.00913315
   44.59459459    0.00833300
   44.68468468    0.00752921
   44.77477477    0.00680851
   44.86486486    0.00621425
   44.95495495    0.00575808
   45.04504505    0.00543644
   45.13513514    0.00524180
   45.22522523    0.00516801
   45.31531532    0.00521164
   45.40540541    0.00537000
   45.49549550    0.00563552
   45.58558559    0.00598571
   45.67567568    0.00637180
   45.76576577    0.00671805
   45.85585586    0.00694935
   45.94594595    0.00704056
   46.03603604    0.00703979
   46.12612613    0.00703399
   46.21621622    0.00709013
   46.30630631    0.00721580
   46.39639640    0.00734808
   46.48648649    0.00737308
   46.57657658    0.00718529
   46.66666667    0.00675907
   46.75675676    0.00616417
   46.84684685    0.00551053
   46.93693694    0.00488687
   47.02702703    0.00433955
   47.11711712    0.00388166
   47.20720721    0.00350849
   47.29729730    0.00320865
   47.38738739    0.00296977
   47.47747748    0.00278083
   47.56756757    0.00263281
   47.65765766    0.00251869
   47.74774775    0.00243310
   47.83783784    0.00237206
   47.92792793    0.00233274
   48.01801802    0.00231320
   48.10810811    0.00231229
   48.19819820    0.00232954
   48.28828829    0.00236511
   48.37837838    0.00241980
   48.46846847    0.00249510
   48.55855856    0.00259322
   48.64864865    0.00271731
   48.73873874    0.00287160
   48.82882883    0.00306166
   48.91891892    0.00329478
   49.00900901    0.00358031
   49.09909910    0.00393002
   49.18918919    0.00435823
   49.27927928    0.00488107
   49.36936937    0.00551411
   49.45945946    0.00626663
   49.54954955    0.00713122
   49.63963964    0.00806936
   49.72972973    0.00900095
   49.81981982    0.00981625
   49.90990991    0.01042932
   50.00000000    0.01084948
   50.09009009    0.01119734
   50.18018018    0.01164126
   50.27027027    0.01231824
   50.36036036    0.01328822
   50.45045045    0.01450800
   50.54054054    0.01580613
   50.63063063    0.01688831
   50.72072072    0.01744032
   50.81081081    0.01731944
   50.90090090    0.01666431
   50.99099099    0.01578998
   51.08108108    0.01498448
   51.17117117    0.01438302
   51.26126126    0.01394688
   51.35135135    0.01350741
   51.44144144    0.01286704
   51.53153153    0.01192955
   51.62162162    0.01075891
   51.71171171    0.00951262
   51.80180180    0.00833584
   51.89189189    0.00731108
   51.98198198    0.00646464
   52.07207207    0.00579091
   52.16216216    0.00527149
   52.25225225    0.00488475
   52.34234234    0.00460795
   52.43243243    0.00441482
   52.52252252    0.00427146
   52.61261261    0.00413678
   52.70270270    0.00397387
   52.79279279    0.00376785
   52.88288288    0.00353215
   52.97297297    0.00329486
   53.06306306    0.00308098
   53.15315315    0.00290489
   53.24324324    0.00277213
   53.33333333    0.00268364
   53.42342342    0.00263914
   53.51351351    0.00263878
   53.60360360    0.00268359
   53.69369369    0.00277480
   53.78378378    0.00291138
   53.87387387    0.00308552
   53.96396396    0.00327590
   54.05405405    0.00344336
   54.14414414    0.00353863
   54.23423423    0.00352740
   54.32432432    0.00341490
   54.41441441    0.00324240
   54.50450450    0.00306006
   54.59459459    0.00290500
   54.68468468    0.00279710
   54.77477477    0.00274442
   54.86486486    0.00274921
   54.95495495    0.00281102
   55.04504505    0.00292633
   55.13513514    0.00308502
   55.22522523    0.00326481
   55.31531532    0.00342860
   55.40540541    0.00353381
   55.49549550    0.00355599
   55.58558559    0.00350748
   55.67567568    0.00342937
   55.76576577    0.00336606
   55.85585586    0.00334728
   55.94594595    0.00338399
   56.03603604    0.00347072
   56.12612613    0.00358990
   56.21621622    0.00372123
   56.30630631    0.00385672
   56.39639640    0.00401032
   56.48648649    0.00421089
   56.57657658    0.00448425
   56.66666667    0.00483590
   56.75675676    0.00523689
   56.84684685    0.00561393
   56.93693694    0.00585892
   57.02702703    0.00587573
   57.11711712    0.00564200
   57.20720721    0.00522305
   57.29729730    0.00472252
   57.38738739    0.00422701
   57.47747748    0.00378573
   57.56756757    0.00341686
   57.65765766    0.00312047
   57.74774775    0.00288868
   57.83783784    0.00271149
   57.92792793    0.00257950
   58.01801802    0.00248485
   58.10810811    0.00242134
   58.19819820    0.00238427
   58.28828829    0.00237020
   58.37837838    0.00237672
   58.46846847    0.00240225
   58.55855856    0.00244590
   58.64864865    0.00250738
   58.73873874    0.00258695
   58.82882883    0.00268539
   58.91891892    0.00280400
   59.00900901    0.00294463
   59.09909910    0.00310978
   59.18918919    0.00330267
   59.27927928    0.00352737
   59.36936937    0.00378904
   59.45945946    0.00409415
   59.54954955    0.00445082
   59.63963964    0.00486925
   59.72972973    0.00536230
   59.81981982    0.00594625
   59.90990991    0.00664177
   60.00000000    0.00747548
   60.09009009    0.00848198
   60.18018018    0.00970621
   60.27027027    0.01120555
   60.36036036    0.01305092
   60.45045045    0.01532494
   60.54054054    0.01811263
   60.63063063    0.02147549
   60.72072072    0.02539656
   60.81081081    0.02969146
   60.90090090    0.03392137
   60.99099099    0.03741694
   61.08108108    0.03951826
   61.17117117    0.03991803
   61.26126126    0.03878945
   61.35135135    0.03657421
   61.44144144    0.03366948
   61.53153153    0.03031605
   61.62162162    0.02671045
   61.71171171    0.02310094
   61.80180180    0.01973576
   61.89189189    0.01677450
   61.98198198    0.01426815
   62.07207207    0.01219315
   62.16216216    0.01049198
   62.25225225    0.00909983
   62.34234234    0.00795722
   62.43243243    0.00701419
   62.52252252    0.00623054
   62.61261261    0.00557453
   62.70270270    0.00502133
   62.79279279    0.00455148
   62.88288288    0.00414974
   62.97297297    0.00380404
   63.06306306    0.00350485
   63.15315315    0.00324452
   63.24324324    0.00301691
   63.33333333    0.00281704
   63.42342342    0.00264085
   63.51351351    0.00248504
   63.60360360    0.00234687
   63.69369369    0.00222410
   63.78378378    0.00211487
   63.87387387    0.00201766
   63.96396396    0.00193122
   64.05405405    0.00185452
   64.14414414    0.00178671
   64.23423423    0.00172705
   64.32432432    0.00167474
   64.41441441    0.00162877
   64.50450450    0.00158770
   64.59459459    0.00154964
   64.68468468    0.00151274
   64.77477477    0.00147600
   64.86486486    0.00143980
   64.95495495    0.00140536
   65.04504505    0.00137390
   65.13513514    0.00134610
   65.22522523    0.00132218
   65.31531532    0.00130203
   65.40540541    0.00128543
   65.49549550    0.00127215
   65.58558559    0.00126199
   65.67567568    0.00125478
   65.76576577    0.00125040
   65.85585586    0.00124879
   65.94594595    0.00124989
   66.03603604    0.00125370
   66.12612613    0.00126027
   66.21621622    0.00126964
   66.30630631    0.00128193
   66.39639640    0.00129726
   66.48648649    0.00131580
   66.57657658    0.00133777
   66.66666667    0.00136345
   66.75675676    0.00139314
   66.84684685    0.00142725
   66.93693694    0.00146625
   67.02702703    0.00151071
   67.11711712    0.00156133
   67.20720721    0.00161894
   67.29729730    0.00168457
   67.38738739    0.00175944
   67.47747748    0.00184506
   67.56756757    0.00194318
   67.65765766    0.00205582
   67.74774775    0.00218524
   67.83783784    0.00233398
   67.92792793    0.00250515
   68.01801802    0.00270318
   68.10810811    0.00293484
   68.19819820    0.00320955
   68.28828829    0.00353904
   68.37837838    0.00393656
   68.46846847    0.00441537
   68.55855856    0.00498515
   68.64864865    0.00564424
   68.73873874    0.00636660
   68.82882883    0.00708883
   68.91891892    0.00771510
   69.00900901    0.00816021
   69.09909910    0.00841247
   69.18918919    0.00855224
   69.27927928    0.00870176
   69.36936937    0.00896071
   69.45945946    0.00937489
   69.54954955    0.00993486
   69.63963964    0.01058757
   69.72972973    0.01125072
   69.81981982    0.01182544
   69.90990991    0.01222178
   70.00000000    0.01241376
   70.09009009    0.01248109
   70.18018018    0.01257935
   70.27027027    0.01286960
   70.36036036    0.01347689
   70.45045045    0.01449104
   70.54054054    0.01598160
   70.63063063    0.01800330
   70.72072072    0.02057970
   70.81081081    0.02365877
   70.90090090    0.02704490
   70.99099099    0.03034088
   71.08108108    0.03297118
   71.17117117    0.03434478
   71.26126126    0.03409985
   71.35135135    0.03226760
   71.44144144    0.02925293
   71.53153153    0.02565382
   71.62162162    0.02202349
   71.71171171    0.01871921
   71.80180180    0.01589306
   71.89189189    0.01356068
   71.98198198    0.01167274
   72.07207207    0.01016032
   72.16216216    0.00895679
   72.25225225    0.00800557
   72.34234234    0.00726086
   72.43243243    0.00668499
   72.52252252    0.00624396
   72.61261261    0.00590311
   72.70270270    0.00562656
   72.79279279    0.00538443
   72.88288288    0.00516344
   72.97297297    0.00496742
   73.06306306    0.00480280
   73.15315315    0.00466142
   73.24324324    0.00451519
   73.33333333    0.00432880
   73.42342342    0.00408389
   73.51351351    0.00379253
   73.60360360    0.00348612
   73.69369369    0.00319448
   73.78378378    0.00293502
   73.87387387    0.00271355
   73.96396396    0.00252907
   74.05405405    0.00237786
   74.14414414    0.00225570
   74.23423423    0.00215882
   74.32432432    0.00208416
   74.41441441    0.00202907
   74.50450450    0.00199083
   74.59459459    0.00196588
   74.68468468    0.00194940
   74.77477477    0.00193628
   74.86486486    0.00192363
   74.95495495    0.00191299
   75.04504505    0.00190956
   75.13513514    0.00191930
   75.22522523    0.00194665
   75.31531532    0.00199348
   75.40540541    0.00205798
   75.49549550    0.00213291
   75.58558559    0.00220429
   75.67567568    0.00225419
   75.76576577    0.00226966
   75.85585586    0.00225203
   75.94594595    0.00221604
   76.03603604    0.00218018
   76.12612613    0.00215840
   76.21621622    0.00215845
   76.30630631    0.00218381
   76.39639640    0.00223611
   76.48648649    0.00231681
   76.57657658    0.00242806
   76.66666667    0.00257331
   76.75675676    0.00275763
   76.84684685    0.00298821
   76.93693694    0.00327478
   77.02702703    0.00363034
   77.11711712    0.00407184
   77.20720721    0.00462094
   77.29729730    0.00530422
   77.38738739    0.00615178
   77.47747748    0.00719203
   77.56756757    0.00843819
   77.65765766    0.00986090
   77.74774775    0.01134619
   77.83783784    0.01266022
   77.92792793    0.01348115
   78.01801802    0.01354797
   78.10810811    0.01283936
   78.19819820    0.01159012
   78.28828829    0.01012504
   78.37837838    0.00869564
   78.46846847    0.00743228
   78.55855856    0.00637404
   78.64864865    0.00551196
   78.73873874    0.00481883
   78.82882883    0.00426433
   78.91891892    0.00382117
   79.00900901    0.00346690
   79.09909910    0.00318374
   79.18918919    0.00295794
   79.27927928    0.00277894
   79.36936937    0.00263874
   79.45945946    0.00253129
   79.54954955    0.00245209
   79.63963964    0.00239783
   79.72972973    0.00236624
   79.81981982    0.00235583
   79.90990991    0.00236587
   80.00000000    0.00239631
